100648598	1
100648802	2
100648830	3
100648915	4
100648984	5
100649040	6
100644102	7
100644648	8
100643974	9
100643946	10
100656369	11
100656551	12
100656616	13
100656637	14
100656815	15
100657146	16
100657176	17
100657188	18
100657261	19
100651212	20
100655181	21
100658325	22
100651182	23
100651469	24
100646087	25
100637151	26
100633200	27
100636362	28
100652866	29
100653403	30
100653351	31
100637175	32
100648645	33
100649503	34
100646120	35
100646153	36
100649633	37
100648981	38
100640893	39
100656591	40
100652898	41
100651130	42
100648593	43
100634859	44
100643328	45
100651397	46
100651304	47
100650707	48
100651913	49
100650795	50
100647712	51
100646782	52
100647336	53
100647407	54
100647597	55
100647885	56
100648235	57
100648503	58
100648582	59
100648611	60
100648634	61
100648706	62
100648717	63
100648728	64
100648752	65
100648763	66
100648768	67
100652919	68
100645485	69
100642618	70
100642609	71
100642596	72
100642311	73
100642309	74
100642684	75
100642302	76
100650174	77
100650220	78
100650702	79
100652686	80
100649558	81
100649574	82
100649853	83
100649924	84
100650144	85
100650156	86
100652935	87
100653104	88
100653275	89
100653327	90
100647924	91
100645940	92
100646722	93
100647125	94
100649196	95
100645575	96
100649260	97
100645864	98
100645933	99
100650844	100
100651081	101
100651099	102
100650338	103
100649202	104
100642301	105
100642630	106
100650633	107
100649537	108
100647825	109
100649524	110
100649821	111
100649879	112
100647563	113
100638339	114
100647230	115
100648595	116
100648597	117
100648574	118
100648724	119
100648735	120
100656709	121
100655416	122
100648940	123
100650060	124
100649965	125
100645708	126
100648244	127
100646609	128
100648892	129
100642763	130
100643494	131
100643718	132
100643789	133
100643866	134
100644566	135
100649646	136
100651344	137
100657489	138
100647745	139
100644052	140
100637136	141
100656239	142
100658561	143
100651950	144
100610556	145
100580685	146
100602583	147
100607280	148
100627424	149
100658670	150
100658717	151
100654559	152
100658157	153
100622682	154
100648337	155
100654631	156
100593196	157
100619255	158
100655351	159
100656418	160
100655380	161
100655565	162
100652872	163
100654367	164
100653527	165
100653561	166
100653362	167
100651404	168
100653019	169
100652267	170
100651934	171
100647973	172
100651032	173
100648049	174
100650316	175
100523272	176
100523274	177
100523268	178
100523266	179
100620523	180
100586036	181
100650266	182
100651194	183
100650992	184
100651054	185
100421092	186
100648319	187
100647914	188
100647785	189
100647948	190
100646712	191
100644843	192
100647482	193
100620339	194
100647467	195
100647113	196
100647228	197
100646585	198
100644736	199
100645537	200
100646114	201
100591114	202
100646007	203
100646080	204
100645322	205
100645398	206
100645428	207
100654434	208
100647710	209
100647427	210
100646483	211
100647915	212
100655399	213
100655420	214
100651343	215
100654455	216
100655033	217
100654861	218
100651308	219
100655938	220
100650824	221
100649553	222
100652586	223
100652773	224
100652800	225
100651836	226
100648402	227
100656387	228
100656702	229
100650231	230
100638253	231
100651017	232
100653834	233
100653416	234
100652960	235
100642153	236
100640840	237
100606972	238
100598728	239
100650683	240
100651104	241
100650498	242
100650512	243
100649705	244
100646478	245
100646911	246
100646600	247
100645335	248
100645067	249
100651276	250
100647698	251
100647226	252
100646997	253
100647561	254
100647243	255
100646812	256
100647627	257
100647605	258
100647575	259
100651880	260
100647416	261
100648976	262
100647384	263
100655071	264
100655123	265
100655188	266
100655198	267
100655297	268
100655375	269
100655552	270
100655733	271
100655960	272
100656037	273
100656057	274
100656099	275
100656150	276
100652966	277
100649597	278
100648796	279
100658441	280
100642745	281
100643210	282
100643277	283
100647672	284
100649571	285
100649087	286
100649314	287
100648739	288
100646905	289
100646147	290
100638980	291
100645448	292
100651247	293
100651265	294
100646872	295
100645972	296
100645359	297
100645366	298
100645495	299
100646821	300
100646891	301
100647068	302
100642603	303
100642716	304
100642813	305
100642988	306
100643203	307
100643267	308
100643299	309
100643352	310
100643481	311
100643512	312
100643761	313
100643811	314
100643915	315
100650261	316
100650444	317
100650488	318
100650617	319
100650677	320
100650696	321
100650720	322
100650742	323
100651048	324
100651215	325
100645906	326
100564602	327
100656897	328
100645056	329
100645263	330
100650639	331
100650689	332
100656210	333
100657974	334
100658318	335
100658372	336
100657812	337
100658519	338
100656517	339
100658473	340
100653252	341
100658474	342
100658521	343
100658554	344
100658556	345
100657828	346
100657714	347
100657689	348
100652745	349
100656031	350
100645821	351
100645962	352
100632202	353
100434016	354
100596285	355
100649064	356
100649245	357
100648788	358
100642145	359
100645303	360
100623051	361
100653515	362
100657161	363
100657181	364
100657192	365
100655466	366
100647190	367
100647533	368
100645338	369
100647383	370
100647878	371
100487752	372
100645365	373
100643431	374
100644095	375
100644128	376
100644588	377
100651678	378
100648619	379
100647866	380
100642106	381
100642333	382
100642505	383
100642620	384
100434294	385
100656721	386
100656583	387
100655367	388
100656511	389
100588481	390
100487321	391
100645828	392
100651809	393
100654204	394
100658505	395
100658438	396
100657055	397
100657012	398
100656223	399
100656447	400
100655260	401
100655221	402
100655081	403
100655235	404
100655066	405
100655195	406
100655042	407
100654847	408
100654734	409
100654390	410
100654382	411
100653793	412
100653184	413
100653145	414
100653096	415
100652743	416
100652663	417
100652455	418
100651792	419
100649863	420
100648525	421
100648382	422
100648334	423
100647782	424
100647857	425
100646661	426
100645330	427
100645379	428
100646038	429
100647926	430
100647980	431
100646058	432
100591977	433
100538595	434
100541477	435
100541078	436
100616921	437
100571857	438
100643875	439
100645223	440
100292320	441
100451858	442
100121507	443
100369602	444
100373213	445
100653785	446
100445550	447
100652179	448
100652418	449
100644672	450
100644911	451
100644977	452
100644706	453
100644937	454
100645310	455
100646137	456
100646463	457
100646790	458
100652703	459
100653458	460
100654022	461
100646308	462
100645413	463
100465827	464
100532299	465
100651337	466
100651898	467
100642704	468
100649138	469
100649186	470
100649192	471
100649276	472
100649214	473
100647521	474
100647662	475
100647907	476
100647931	477
100645546	478
100383026	479
100651270	480
100651280	481
100644067	482
100646555	483
100646680	484
100658209	485
100658361	486
100468828	487
100658817	488
100651905	489
100651970	490
100657281	491
100656411	492
100656813	493
100656207	494
100657461	495
100657336	496
100657279	497
100657374	498
100657600	499
100654487	500
100655599	501
100654630	502
100653904	503
100653557	504
100653438	505
100645144	506
100646009	507
100645091	508
100608327	509
100656807	510
100656602	511
100656361	512
100656329	513
100653990	514
100653724	515
100653822	516
100653840	517
100653529	518
100653345	519
100649167	520
100651177	521
100650797	522
100648411	523
100646451	524
100645981	525
100646097	526
100656987	527
100655749	528
100655117	529
100655176	530
100655293	531
100649110	532
100655307	533
100654790	534
100655248	535
100653180	536
100654491	537
100650010	538
100643612	539
100654733	540
100331501	541
100403240	542
100516829	543
100487878	544
100418415	545
100502337	546
100302462	547
100490875	548
100277682	549
100623555	550
100479778	551
100329894	552
100638697	553
100650507	554
100650565	555
100650718	556
100650127	557
100650137	558
100641468	559
100647422	560
100645503	561
100652817	562
100648470	563
100649776	564
100649266	565
100654615	566
100653378	567
100653826	568
100651847	569
100648745	570
100649048	571
100649179	572
100648921	573
100648568	574
100648816	575
100648799	576
100639718	577
100658356	578
100658399	579
100658504	580
100658493	581
100658576	582
100658555	583
100658470	584
100658012	585
100657860	586
100658159	587
100658077	588
100658393	589
100658396	590
100658071	591
100658293	592
100658314	593
100658352	594
100658265	595
100654452	596
100658380	597
100657426	598
100657438	599
100657435	600
100657595	601
100657412	602
100657664	603
100657625	604
100657355	605
100656975	606
100657143	607
100657185	608
100656977	609
100656953	610
100656468	611
100656826	612
100656878	613
100656873	614
100656910	615
100656915	616
100656714	617
100656705	618
100655822	619
100655860	620
100655943	621
100655364	622
100655766	623
100655286	624
100655932	625
100655929	626
100656166	627
100656043	628
100655816	629
100656188	630
100656033	631
100655460	632
100655452	633
100654990	634
100655284	635
100655360	636
100655442	637
100654603	638
100655316	639
100654746	640
100653898	641
100654712	642
100654498	643
100654760	644
100654429	645
100654776	646
100654647	647
100654718	648
100654243	649
100654109	650
100654112	651
100654011	652
100653830	653
100654186	654
100654151	655
100654225	656
100654246	657
100653986	658
100653465	659
100653358	660
100653407	661
100653365	662
100653257	663
100653499	664
100653323	665
100653464	666
100653219	667
100652777	668
100652740	669
100652678	670
100652626	671
100652826	672
100652369	673
100652066	674
100652121	675
100652467	676
100652139	677
100652434	678
100652346	679
100652075	680
100652044	681
100651937	682
100652046	683
100651987	684
100651484	685
100651806	686
100651481	687
100651830	688
100651804	689
100651876	690
100651890	691
100651873	692
100651858	693
100651502	694
100651825	695
100651732	696
100651332	697
100651297	698
100651301	699
100651157	700
100651142	701
100651259	702
100651015	703
100651024	704
100651008	705
100650830	706
100650931	707
100650869	708
100650826	709
100650806	710
100651005	711
100650935	712
100650879	713
100650989	714
100650894	715
100508245	716
100650387	717
100650191	718
100647890	719
100650379	720
100650416	721
100649610	722
100637435	723
100650237	724
100650811	725
100322215	726
100626683	727
100649866	728
100650133	729
100650047	730
100650063	731
100650129	732
100118850	733
100649373	734
100649703	735
100647048	736
100649095	737
100649687	738
100623038	739
100623034	740
100649601	741
100648142	742
100648155	743
100645647	744
100644661	745
100645593	746
100638754	747
100080339	748
100635560	749
100648026	750
100646228	751
100646947	752
100641221	753
100641290	754
100641308	755
100641447	756
100641671	757
100641862	758
100642002	759
100645532	760
100641724	761
100652168	762
100652271	763
100652409	764
100652447	765
100652788	766
100657139	767
100654496	768
100654529	769
100654553	770
100654550	771
100654569	772
100654473	773
100544111	774
100555124	775
100642844	776
100654480	777
100654509	778
100654566	779
100651594	780
100643123	781
100648231	782
100650998	783
100649122	784
100646327	785
100647006	786
100642744	787
100646430	788
100643122	789
100644703	790
100646400	791
100646751	792
100646915	793
100646976	794
100644616	795
100644772	796
100657879	797
100657878	798
100658385	799
100657682	800
100620352	801
100494834	802
100494288	803
100656779	804
100654515	805
100655602	806
100654432	807
100656046	808
100655955	809
100653396	810
100646965	811
100652869	812
100652682	813
100652943	814
100484189	815
100440644	816
100439552	817
100649003	818
100640865	819
100641085	820
100648135	821
100648564	822
100652406	823
100649100	824
100648994	825
100645518	826
100656463	827
100643321	828
100657316	829
100656474	830
100658175	831
100657253	832
100646171	833
100623401	834
100646291	835
100480192	836
100583270	837
100654476	838
100652020	839
100652086	840
100642914	841
100646112	842
100623398	843
100656839	844
100655252	845
100655152	846
100654816	847
100654339	848
100425363	849
100647087	850
100647774	851
100648081	852
100647132	853
100646020	854
100647799	855
100646446	856
100645959	857
100645974	858
100645742	859
100643943	860
100645186	861
100643472	862
100653853	863
100487675	864
100658451	865
100575893	866
100576137	867
100644750	868
100590220	869
100634659	870
100642514	871
100651835	872
100639276	873
100646193	874
100536533	875
100653367	876
100396593	877
100399829	878
100653710	879
100607453	880
100646178	881
100646337	882
100646409	883
100645445	884
100597501	885
100646910	886
100648178	887
100637788	888
100645026	889
100658436	890
100650610	891
100650555	892
100650596	893
100648526	894
100648321	895
100657295	896
100658378	897
100656414	898
100656296	899
100655216	900
100655305	901
100655044	902
100654600	903
100653902	904
100653462	905
100653011	906
100653254	907
100651286	908
100651420	909
100651296	910
100649885	911
100650213	912
100650423	913
100649475	914
100648031	915
100647816	916
100647481	917
100647025	918
100646388	919
100646004	920
100643981	921
100588252	922
100625054	923
100651962	924
100648331	925
100641056	926
100645081	927
100655797	928
100653675	929
100647237	930
100647232	931
100648562	932
100644621	933
100657571	934
100653757	935
100656895	936
100650015	937
100584948	938
100644179	939
100644216	940
100642546	941
100642544	942
100609098	943
100650400	944
100653298	945
100610921	946
100643991	947
100655459	948
100543014	949
100656877	950
100656958	951
100643756	952
100641943	953
100642271	954
100634682	955
100614176	956
100486355	957
100643061	958
100651636	959
100653014	960
100652571	961
100653142	962
100652523	963
100274550	964
100277112	965
100278086	966
100658104	967
100658022	968
100658267	969
100655728	970
100655335	971
100655008	972
100650052	973
100649311	974
100646595	975
100646656	976
100652421	977
100651676	978
100645386	979
100645469	980
100651372	981
100507517	982
100470044	983
100463677	984
100501645	985
100649661	986
100493325	987
100597715	988
100634090	989
100648357	990
100651467	991
100651772	992
100652218	993
100651703	994
100641982	995
100651159	996
100651850	997
100650547	998
100647344	999
100650279	1000
100655407	1001
100655455	1002
100655559	1003
100655738	1004
100655965	1005
100656051	1006
100656090	1007
100656136	1008
100635903	1009
100646770	1010
100645511	1011
100645337	1012
100655291	1013
100657525	1014
100630815	1015
100647235	1016
100646990	1017
100629430	1018
100651976	1019
100651992	1020
100650250	1021
100650430	1022
100650455	1023
100650515	1024
100650787	1025
100651027	1026
100651073	1027
100651242	1028
100648864	1029
100649151	1030
100649403	1031
100654400	1032
100654411	1033
100632207	1034
100633913	1035
100631223	1036
100634641	1037
100625794	1038
100627735	1039
100642556	1040
100638679	1041
100646756	1042
100646760	1043
100645474	1044
100646778	1045
100648778	1046
100648807	1047
100648883	1048
100648968	1049
100657756	1050
100651779	1051
100651803	1052
100649562	1053
100648059	1054
100645384	1055
100649697	1056
100648688	1057
100641193	1058
100650986	1059
100651254	1060
100651613	1061
100651795	1062
100651862	1063
100624448	1064
100624496	1065
100629110	1066
100651687	1067
100649739	1068
100649461	1069
100655334	1070
100645483	1071
100451924	1072
100648691	1073
100643335	1074
100640672	1075
100657052	1076
100594351	1077
100632009	1078
100449261	1079
100656170	1080
100656456	1081
100397117	1082
100656686	1083
100656394	1084
100344802	1085
100220866	1086
100625579	1087
100651542	1088
100649193	1089
100462467	1090
100574227	1091
100314192	1092
100507768	1093
100648791	1094
100657271	1095
100649874	1096
100191515	1097
100645651	1098
100428450	1099
100655613	1100
100623019	1101
100655584	1102
100655519	1103
100652727	1104
100648784	1105
100650814	1106
100647572	1107
100646889	1108
100646444	1109
100643042	1110
100646164	1111
100588864	1112
100640587	1113
100637268	1114
100640074	1115
100640272	1116
100640286	1117
100640433	1118
100640573	1119
100640781	1120
100479135	1121
100609170	1122
100646201	1123
100408133	1124
100650468	1125
100646317	1126
100646260	1127
100645631	1128
100644328	1129
100656142	1130
100653720	1131
100643127	1132
100652655	1133
100656821	1134
100658707	1135
100655726	1136
100653009	1137
100657429	1138
100657678	1139
100657693	1140
100657721	1141
100657760	1142
100658463	1143
100658506	1144
100658527	1145
100646359	1146
100587513	1147
100585370	1148
100587606	1149
100634231	1150
100487724	1151
100649543	1152
100645169	1153
100648179	1154
100648259	1155
100648493	1156
100651659	1157
100654438	1158
100653861	1159
100653765	1160
100653136	1161
100659074	1162
100579154	1163
100654737	1164
100648474	1165
100646765	1166
100645843	1167
100645355	1168
100644733	1169
100655840	1170
100633850	1171
100642579	1172
100058134	1173
100286994	1174
100626769	1175
100451702	1176
100451168	1177
100647859	1178
100647474	1179
100646804	1180
100644788	1181
100640311	1182
100641484	1183
100642709	1184
100643880	1185
100645929	1186
100639366	1187
100646861	1188
100646832	1189
100646886	1190
100647057	1191
100656831	1192
100508460	1193
100651763	1194
100647978	1195
100647999	1196
100645711	1197
100593212	1198
100650759	1199
100602245	1200
100649889	1201
100650006	1202
100504919	1203
100544187	1204
100640400	1205
100657705	1206
100657327	1207
100655925	1208
100639803	1209
100656548	1210
100645327	1211
100642687	1212
100648116	1213
100657158	1214
100656561	1215
100654489	1216
100654184	1217
100653892	1218
100653933	1219
100653302	1220
100652913	1221
100649936	1222
100648074	1223
100647549	1224
100644655	1225
100653740	1226
100646294	1227
100635900	1228
100635902	1229
100570652	1230
100607664	1231
100610320	1232
100629425	1233
100534117	1234
100649792	1235
100658600	1236
100656168	1237
100630935	1238
100655551	1239
100654556	1240
100654153	1241
100654303	1242
100651335	1243
100651311	1244
100633887	1245
100648630	1246
100643642	1247
100644899	1248
100625204	1249
100645268	1250
100647063	1251
100643666	1252
100646265	1253
100602626	1254
100649250	1255
100647870	1256
100648999	1257
100645261	1258
100645205	1259
100645258	1260
100644693	1261
100646031	1262
100624894	1263
100654522	1264
100654572	1265
100658096	1266
100458135	1267
100649635	1268
100655271	1269
100651920	1270
100647976	1271
100647970	1272
100643650	1273
100646361	1274
100646466	1275
100657025	1276
100644765	1277
100644926	1278
100548267	1279
100655208	1280
100635938	1281
100650332	1282
100655842	1283
100658900	1284
100659339	1285
100628974	1286
100629216	1287
100658797	1288
100658501	1289
100658611	1290
100658460	1291
100653955	1292
100658260	1293
100658316	1294
100658543	1295
100654448	1296
100658503	1297
100658087	1298
100658028	1299
100656985	1300
100657880	1301
100658173	1302
100658168	1303
100658178	1304
100530373	1305
100656473	1306
100612527	1307
100658100	1308
100487653	1309
100657675	1310
100657968	1311
100657862	1312
100657321	1313
100645670	1314
100657630	1315
100657334	1316
100655805	1317
100368315	1318
100651232	1319
100657157	1320
100641068	1321
100649292	1322
100656946	1323
100163173	1324
100656454	1325
100609264	1326
100642199	1327
100656973	1328
100656737	1329
100539738	1330
100619291	1331
100634406	1332
100292833	1333
100656484	1334
100655526	1335
100487394	1336
100655783	1337
100460797	1338
100630829	1339
100632793	1340
100642897	1341
100654442	1342
100654586	1343
100655821	1344
100654580	1345
100655366	1346
100655491	1347
100653759	1348
100655324	1349
100655168	1350
100655288	1351
100655148	1352
100655161	1353
100655104	1354
100408171	1355
100190469	1356
100651321	1357
100653617	1358
100654682	1359
100654551	1360
100650527	1361
100654046	1362
100620495	1363
100654337	1364
100654317	1365
100653948	1366
100653804	1367
100654065	1368
100653754	1369
100653799	1370
100653244	1371
100653449	1372
100651801	1373
100574256	1374
100415386	1375
100652875	1376
100651411	1377
100491383	1378
100652825	1379
100652392	1380
100652684	1381
100639505	1382
100651966	1383
100515030	1384
100651669	1385
100648007	1386
100601983	1387
100648048	1388
100651413	1389
100650801	1390
100628693	1391
100477112	1392
100650283	1393
100650056	1394
100649477	1395
100648925	1396
100647940	1397
100305933	1398
100474808	1399
100651438	1400
100649569	1401
100651046	1402
100573821	1403
100481402	1404
100628597	1405
100628647	1406
100624973	1407
100650858	1408
100647962	1409
100150908	1410
100650673	1411
100650630	1412
100644735	1413
100359249	1414
100648628	1415
100565224	1416
100324153	1417
100440649	1418
100061071	1419
100558064	1420
100649917	1421
100650141	1422
100650207	1423
100621175	1424
100641908	1425
100649949	1426
100638432	1427
100647806	1428
100649386	1429
100649803	1430
100617839	1431
100649521	1432
100553667	1433
100631690	1434
100649241	1435
100649114	1436
100648889	1437
100648930	1438
100647424	1439
100648759	1440
100648904	1441
100648557	1442
100555293	1443
100648766	1444
100483860	1445
100647060	1446
100648087	1447
100594950	1448
100647369	1449
100648251	1450
100648522	1451
100584624	1452
100644250	1453
100647414	1454
100486154	1455
100568977	1456
100634092	1457
100647530	1458
100647441	1459
100647391	1460
100647394	1461
100646919	1462
100644739	1463
100647246	1464
100647174	1465
100364206	1466
100646925	1467
100578956	1468
100588772	1469
100533722	1470
100645378	1471
100646343	1472
100628954	1473
100626557	1474
100646149	1475
100646311	1476
100646321	1477
100646017	1478
100645856	1479
100617247	1480
100644660	1481
100646082	1482
100645387	1483
100645925	1484
100641727	1485
100645903	1486
100645854	1487
100645697	1488
100645451	1489
100645439	1490
100643738	1491
100644630	1492
100342127	1493
100472357	1494
100131389	1495
100645282	1496
100645184	1497
100645446	1498
100645278	1499
100645252	1500
100645142	1501
100618704	1502
100644748	1503
100641384	1504
100603404	1505
100643775	1506
100643264	1507
100643893	1508
100644024	1509
100610207	1510
100643850	1511
100462537	1512
100645716	1513
100637403	1514
100641965	1515
100509668	1516
100413244	1517
100522997	1518
100532662	1519
100657303	1520
100645826	1521
100649548	1522
100649581	1523
100650085	1524
100650151	1525
100650164	1526
100650727	1527
100651982	1528
100652011	1529
100652061	1530
100652144	1531
100652236	1532
100652441	1533
100652461	1534
100652804	1535
100652850	1536
100652998	1537
100653109	1538
100653308	1539
100653335	1540
100653389	1541
100653543	1542
100653843	1543
100653878	1544
100653920	1545
100653979	1546
100396670	1547
100628804	1548
100628924	1549
100652891	1550
100651917	1551
100645455	1552
100193130	1553
100653722	1554
100646754	1555
100645699	1556
100658498	1557
100658512	1558
100658525	1559
100556368	1560
100637102	1561
100637568	1562
100641066	1563
100642789	1564
100652911	1565
100650782	1566
100487086	1567
100392443	1568
100496475	1569
100485678	1570
100652365	1571
100652883	1572
100651547	1573
100522145	1574
100529918	1575
100651713	1576
100475097	1577
100648011	1578
100649741	1579
100480984	1580
100645656	1581
100649205	1582
100649984	1583
100629303	1584
100651716	1585
100651626	1586
100652767	1587
100649191	1588
100645435	1589
100644562	1590
100590215	1591
100656162	1592
100612808	1593
100627835	1594
100651902	1595
100577767	1596
100652299	1597
100651827	1598
100650350	1599
100648886	1600
100648279	1601
100644612	1602
100647340	1603
100598171	1604
100647509	1605
100647435	1606
100647537	1607
100647103	1608
100635868	1609
100644578	1610
100578804	1611
100564704	1612
100650228	1613
100639492	1614
100649070	1615
100648491	1616
100648572	1617
100654521	1618
100604567	1619
100648453	1620
100657752	1621
100652673	1622
100643660	1623
100615475	1624
100642265	1625
100652070	1626
100648380	1627
100648391	1628
100623792	1629
100653597	1630
100645389	1631
100653606	1632
100633311	1633
100644619	1634
100626767	1635
100648223	1636
100633116	1637
100641426	1638
100645442	1639
100597166	1640
100589775	1641
100651402	1642
100651126	1643
100576606	1644
100504917	1645
100535606	1646
100654161	1647
100655449	1648
100652950	1649
100654995	1650
100655062	1651
100655084	1652
100655119	1653
100655149	1654
100654141	1655
100658349	1656
100654294	1657
100649518	1658
100646877	1659
100646575	1660
100646117	1661
100649707	1662
100603376	1663
100645328	1664
100641574	1665
100645530	1666
100657252	1667
100644773	1668
100653589	1669
100647670	1670
100656319	1671
100642526	1672
100646594	1673
100648225	1674
100648576	1675
100648022	1676
100647102	1677
100646345	1678
100646301	1679
100610773	1680
100645527	1681
100654404	1682
100654625	1683
100581905	1684
100644435	1685
100649540	1686
100623624	1687
100655346	1688
100655204	1689
100655268	1690
100654762	1691
100652962	1692
100652096	1693
100650876	1694
100645889	1695
100648063	1696
100649032	1697
100648909	1698
100644617	1699
100648385	1700
100645478	1701
100634733	1702
100634825	1703
100635150	1704
100635184	1705
100635225	1706
100635562	1707
100635650	1708
100635670	1709
100635694	1710
100635719	1711
100635760	1712
100635800	1713
100635857	1714
100636044	1715
100636179	1716
100636247	1717
100636396	1718
100636529	1719
100636576	1720
100636724	1721
100637013	1722
100637028	1723
100637046	1724
100637078	1725
100637326	1726
100637451	1727
100637536	1728
100637545	1729
100637806	1730
100637989	1731
100638023	1732
100638037	1733
100638334	1734
100638502	1735
100638549	1736
100638847	1737
100639218	1738
100639278	1739
100639414	1740
100639542	1741
100639789	1742
100639812	1743
100639882	1744
100655191	1745
100655369	1746
100655382	1747
100657455	1748
100654365	1749
100653318	1750
100638602	1751
100641868	1752
100640552	1753
100654312	1754
100653247	1755
100634843	1756
100576297	1757
100404884	1758
100548345	1759
100647488	1760
100574464	1761
100656148	1762
100647439	1763
100655030	1764
100654651	1765
100658434	1766
100651307	1767
100516501	1768
100652196	1769
100649715	1770
100623868	1771
100650473	1772
100649198	1773
100640255	1774
100646348	1775
100636719	1776
100645320	1777
100644851	1778
100431738	1779
100432487	1780
100605354	1781
100651441	1782
100645655	1783
100653532	1784
100649533	1785
100652017	1786
100653712	1787
100652126	1788
100644608	1789
100649675	1790
100620500	1791
100639468	1792
100653293	1793
100623949	1794
100625589	1795
100626024	1796
100635275	1797
100640376	1798
100640931	1799
100654288	1800
100654298	1801
100648948	1802
100646076	1803
100469901	1804
100489004	1805
100492057	1806
100653267	1807
100644627	1808
100655465	1809
100658041	1810
100658154	1811
100658155	1812
100656836	1813
100658785	1814
100659282	1815
100659190	1816
100657650	1817
100633478	1818
100658166	1819
100573080	1820
100608413	1821
100626556	1822
100580791	1823
100646515	1824
100641301	1825
100641379	1826
100641568	1827
100641856	1828
100641991	1829
100642085	1830
100642170	1831
100642391	1832
100622841	1833
100593121	1834
100602458	1835
100646637	1836
100645133	1837
100657990	1838
100658228	1839
100657640	1840
100655833	1841
100654972	1842
100654705	1843
100654350	1844
100651136	1845
100650067	1846
100649476	1847
100646695	1848
100646711	1849
100646728	1850
100647737	1851
100645978	1852
100645047	1853
100651745	1854
100651442	1855
100649188	1856
100649620	1857
100649614	1858
100645540	1859
100645131	1860
100641370	1861
100578535	1862
100389629	1863
100648820	1864
100648912	1865
100658815	1866
100637092	1867
100654395	1868
100654422	1869
100639871	1870
100633352	1871
100652130	1872
100646404	1873
100648523	1874
100638646	1875
100401109	1876
100549824	1877
100637715	1878
100625387	1879
100654034	1880
100654059	1881
100654114	1882
100655212	1883
100655185	1884
100649490	1885
100638661	1886
100453798	1887
100613215	1888
100495681	1889
100643701	1890
100643680	1891
100648366	1892
100645784	1893
100631587	1894
100631777	1895
100631815	1896
100631842	1897
100631904	1898
100497349	1899
100643860	1900
100505300	1901
100645309	1902
100642432	1903
100501905	1904
100645059	1905
100633811	1906
100635216	1907
100635853	1908
100635909	1909
100504175	1910
100609722	1911
100639075	1912
100596420	1913
100658432	1914
100504908	1915
100461394	1916
100650452	1917
100647772	1918
100647580	1919
100647109	1920
100618372	1921
100637962	1922
100649668	1923
100654574	1924
100653446	1925
100652545	1926
100646896	1927
100522281	1928
100654602	1929
100645432	1930
100633505	1931
100608929	1932
100442294	1933
100432196	1934
100633983	1935
100639316	1936
100639312	1937
100639349	1938
100620305	1939
100650004	1940
100654178	1941
100616504	1942
100631049	1943
100631185	1944
100644063	1945
100644047	1946
100643714	1947
100639430	1948
100598167	1949
100582218	1950
100652176	1951
100657839	1952
100657835	1953
100657684	1954
100648095	1955
100646952	1956
100652841	1957
100650334	1958
100651053	1959
100631592	1960
100637541	1961
100637562	1962
100637831	1963
100638015	1964
100638032	1965
100638306	1966
100638488	1967
100638521	1968
100638609	1969
100639177	1970
100639264	1971
100639321	1972
100639531	1973
100639602	1974
100639797	1975
100639865	1976
100639981	1977
100640085	1978
100640279	1979
100640355	1980
100640492	1981
100640772	1982
100640796	1983
100640878	1984
100641101	1985
100641225	1986
100645094	1987
100651324	1988
100436115	1989
100414674	1990
100563300	1991
100398123	1992
100563018	1993
100645740	1994
100603506	1995
100646280	1996
100657733	1997
100507472	1998
100508979	1999
100440718	2000
100502020	2001
100508882	2002
100656762	2003
100650945	2004
100650701	2005
100643125	2006
100643131	2007
100645658	2008
100649147	2009
100641444	2010
100643605	2011
100647659	2012
100642830	2013
100644576	2014
100487696	2015
100191529	2016
100588713	2017
100437258	2018
100119052	2019
100632544	2020
100487408	2021
100479091	2022
100112500	2023
100247298	2024
100644614	2025
100514097	2026
100657030	2027
100649190	2028
100630046	2029
100652471	2030
100648907	2031
100649094	2032
100557887	2033
100578184	2034
100617378	2035
100605693	2036
100651168	2037
100657830	2038
100657109	2039
100645381	2040
100654237	2041
100649330	2042
100656732	2043
100156083	2044
100646504	2045
100646173	2046
100646743	2047
100641717	2048
100649347	2049
100645018	2050
100644134	2051
100617840	2052
100470354	2053
100489529	2054
100491186	2055
100492637	2056
100500251	2057
100503384	2058
100599895	2059
100550702	2060
100658468	2061
100659320	2062
100630174	2063
100637868	2064
100630775	2065
100656748	2066
100653554	2067
100654014	2068
100656560	2069
100649929	2070
100657901	2071
100646065	2072
100644593	2073
100646141	2074
100651817	2075
100602517	2076
100625853	2077
100645805	2078
100623079	2079
100649283	2080
100643677	2081
100588298	2082
100626633	2083
100429170	2084
100058055	2085
100597909	2086
100623077	2087
100622998	2088
100635894	2089
100643427	2090
100654302	2091
100652325	2092
100651410	2093
100610920	2094
100596347	2095
100640390	2096
100658030	2097
100619750	2098
100658005	2099
100617414	2100
100517844	2101
100495266	2102
100501569	2103
100504156	2104
100655099	2105
100655170	2106
100467335	2107
100570528	2108
100560524	2109
100530570	2110
100538958	2111
100648389	2112
100651925	2113
100646297	2114
100654495	2115
100646375	2116
100646060	2117
100644282	2118
100646006	2119
100652416	2120
100567553	2121
100636356	2122
100630143	2123
100653977	2124
100652860	2125
100227791	2126
100613588	2127
100594258	2128
100631475	2129
100641433	2130
100640347	2131
100637338	2132
100412942	2133
100498517	2134
100645702	2135
100654794	2136
100649399	2137
100648163	2138
100646078	2139
100596169	2140
100593982	2141
100572772	2142
100584688	2143
100658052	2144
100626739	2145
100658757	2146
100648701	2147
100635131	2148
100640236	2149
100584472	2150
100584518	2151
100596145	2152
100607779	2153
100608028	2154
100608065	2155
100635699	2156
100635726	2157
100635771	2158
100635818	2159
100636026	2160
100636154	2161
100636224	2162
100636317	2163
100636523	2164
100636543	2165
100636592	2166
100636733	2167
100637021	2168
100637042	2169
100637059	2170
100646735	2171
100649500	2172
100649112	2173
100649367	2174
100652895	2175
100594151	2176
100655679	2177
100656422	2178
100508362	2179
100657999	2180
100655786	2181
100508432	2182
100508486	2183
100658472	2184
100658513	2185
100656466	2186
100654079	2187
100613717	2188
100058436	2189
100493970	2190
100543811	2191
100496401	2192
100653994	2193
100653926	2194
100655330	2195
100655531	2196
100630233	2197
100655588	2198
100655589	2199
100655244	2200
100653093	2201
100657905	2202
100657846	2203
100657884	2204
100657799	2205
100657844	2206
100657892	2207
100657894	2208
100657895	2209
100657897	2210
100657851	2211
100655830	2212
100658001	2213
100658068	2214
100556829	2215
100654467	2216
100657607	2217
100457058	2218
100656716	2219
100548515	2220
100508404	2221
100508451	2222
100508463	2223
100508517	2224
100518667	2225
100508474	2226
100508497	2227
100654441	2228
100654446	2229
100654599	2230
100655113	2231
100654463	2232
100654368	2233
100470859	2234
100653601	2235
100653763	2236
100653443	2237
100607892	2238
100627227	2239
100653287	2240
100651294	2241
100651322	2242
100651405	2243
100651432	2244
100651370	2245
100651409	2246
100651406	2247
100652781	2248
100652639	2249
100517591	2250
100581460	2251
100506311	2252
100492140	2253
100484991	2254
100478343	2255
100393904	2256
100364172	2257
100357860	2258
100354971	2259
100350630	2260
100347817	2261
100345638	2262
100343825	2263
100344980	2264
100341408	2265
100340917	2266
100335266	2267
100334532	2268
100332528	2269
100330795	2270
100327100	2271
100327050	2272
100327039	2273
100322313	2274
100231026	2275
100301797	2276
100652367	2277
100614468	2278
100642908	2279
100561532	2280
100651022	2281
100595606	2282
100650277	2283
100595638	2284
100595640	2285
100595651	2286
100647977	2287
100647960	2288
100647965	2289
100647968	2290
100648004	2291
100648069	2292
100648040	2293
100648029	2294
100472612	2295
100649693	2296
100488567	2297
100484169	2298
100478012	2299
100365594	2300
100348542	2301
100649364	2302
100232702	2303
100087877	2304
100316977	2305
100648742	2306
100619276	2307
100598220	2308
100648667	2309
100647956	2310
100477144	2311
100642014	2312
100578739	2313
100645705	2314
100295433	2315
100563112	2316
100563047	2317
100585415	2318
100611481	2319
100643115	2320
100262506	2321
100595379	2322
100647700	2323
100647833	2324
100647802	2325
100647812	2326
100616782	2327
100621320	2328
100549902	2329
100646869	2330
100643522	2331
100643590	2332
100631102	2333
100624489	2334
100644636	2335
100644699	2336
100641423	2337
100593343	2338
100593344	2339
100295077	2340
100087884	2341
100077984	2342
100228171	2343
100186914	2344
100146163	2345
100141736	2346
100141726	2347
100621688	2348
100608814	2349
100087824	2350
100334463	2351
100058791	2352
100590867	2353
100639318	2354
100561593	2355
100567498	2356
100567465	2357
100595795	2358
100638887	2359
100645098	2360
100644731	2361
100647156	2362
100648616	2363
100641443	2364
100644305	2365
100291597	2366
100589961	2367
100656527	2368
100656557	2369
100654050	2370
100658040	2371
100413516	2372
100067437	2373
100147676	2374
100605461	2375
100605930	2376
100605964	2377
100606046	2378
100606159	2379
100606273	2380
100606442	2381
100606452	2382
100606681	2383
100606776	2384
100606982	2385
100607062	2386
100607230	2387
100607333	2388
100612499	2389
100615946	2390
100620903	2391
100624028	2392
100625284	2393
100635335	2394
100646888	2395
100646960	2396
100637055	2397
100643259	2398
100652785	2399
100656610	2400
100579775	2401
100656436	2402
100656379	2403
100656385	2404
100651401	2405
100651303	2406
100651299	2407
100651312	2408
100651396	2409
100651341	2410
100651377	2411
100651378	2412
100651317	2413
100651395	2414
100651407	2415
100651419	2416
100651348	2417
100651363	2418
100651403	2419
100651793	2420
100570609	2421
100603491	2422
100570606	2423
100625956	2424
100602288	2425
100611367	2426
100652262	2427
100648381	2428
100602729	2429
100591342	2430
100612412	2431
100645619	2432
100268825	2433
100444136	2434
100638147	2435
100658705	2436
100658520	2437
100654484	2438
100657172	2439
100646489	2440
100650864	2441
100521674	2442
100625959	2443
100644970	2444
100649320	2445
100648640	2446
100637740	2447
100586339	2448
100658640	2449
100504127	2450
100502948	2451
100504954	2452
100474762	2453
100608215	2454
100586385	2455
100635693	2456
100627228	2457
100641064	2458
100641439	2459
100626771	2460
100630755	2461
100637025	2462
100641921	2463
100642452	2464
100644801	2465
100449320	2466
100643746	2467
100644785	2468
100642294	2469
100644258	2470
100357335	2471
100647961	2472
100658509	2473
100644262	2474
100644260	2475
100648643	2476
100631686	2477
100640284	2478
100655887	2479
100650726	2480
100652597	2481
100653455	2482
100642711	2483
100645209	2484
100634311	2485
100628992	2486
100607521	2487
100608012	2488
100594269	2489
100618393	2490
100623183	2491
100638692	2492
100654548	2493
100654475	2494
100655463	2495
100610141	2496
100490410	2497
100582794	2498
100581316	2499
100499660	2500
100652595	2501
100654453	2502
100652737	2503
100639537	2504
100638652	2505
100648070	2506
100634976	2507
100625066	2508
100640147	2509
100602683	2510
100621217	2511
100614354	2512
100647079	2513
100616839	2514
100620192	2515
100652876	2516
100638748	2517
100643418	2518
100623032	2519
100644348	2520
100650375	2521
100645785	2522
100655145	2523
100658659	2524
100634852	2525
100650614	2526
100649872	2527
100598261	2528
100441145	2529
100641984	2530
100591820	2531
100649769	2532
100649305	2533
100617656	2534
100626045	2535
100630664	2536
100636547	2537
100606154	2538
100647250	2539
100573148	2540
100227089	2541
100647699	2542
100478096	2543
100623542	2544
100632671	2545
100648399	2546
100624795	2547
100635641	2548
100620877	2549
100642274	2550
100648145	2551
100648401	2552
100646969	2553
100648299	2554
100647695	2555
100643983	2556
100484260	2557
100657565	2558
100084461	2559
100650660	2560
100647770	2561
100624325	2562
100633685	2563
100617931	2564
100593867	2565
100613057	2566
100657946	2567
100623449	2568
100542495	2569
100578853	2570
100659144	2571
100655792	2572
100574929	2573
100561321	2574
100655322	2575
100655309	2576
100505594	2577
100505591	2578
100505561	2579
100504472	2580
100505587	2581
100505623	2582
100505642	2583
100505616	2584
100505566	2585
100385934	2586
100648472	2587
100503962	2588
100645253	2589
100625535	2590
100570403	2591
100629369	2592
100645189	2593
100645801	2594
100649950	2595
100638912	2596
100431316	2597
100645720	2598
100616250	2599
100650668	2600
100479805	2601
100627854	2602
100651990	2603
100587973	2604
100604951	2605
100656364	2606
100656530	2607
100656604	2608
100656627	2609
100657414	2610
100657686	2611
100658014	2612
100658296	2613
100639354	2614
100649612	2615
100658143	2616
100658140	2617
100648240	2618
100647415	2619
100646369	2620
100573193	2621
100582289	2622
100642811	2623
100646281	2624
100639061	2625
100640712	2626
100641548	2627
100644720	2628
100657082	2629
100644214	2630
100607103	2631
100446295	2632
100659299	2633
100658270	2634
100629770	2635
100646406	2636
100657643	2637
100646958	2638
100645316	2639
100610971	2640
100652621	2641
100644633	2642
100613432	2643
100637933	2644
100561892	2645
100605768	2646
100635196	2647
100630403	2648
100630837	2649
100630872	2650
100631030	2651
100631112	2652
100631198	2653
100631323	2654
100631337	2655
100631433	2656
100631984	2657
100632109	2658
100632355	2659
100632379	2660
100632474	2661
100632587	2662
100632639	2663
100632713	2664
100632969	2665
100633031	2666
100633315	2667
100633697	2668
100633738	2669
100633777	2670
100633864	2671
100634025	2672
100634217	2673
100634242	2674
100634292	2675
100634418	2676
100634698	2677
100641375	2678
100500172	2679
100564386	2680
100642269	2681
100654449	2682
100653836	2683
100643140	2684
100646189	2685
100645737	2686
100645690	2687
100655608	2688
100578964	2689
100652328	2690
100643391	2691
100656782	2692
100182666	2693
100591657	2694
100259374	2695
100451601	2696
100549760	2697
100595746	2698
100630692	2699
100646922	2700
100643834	2701
100641141	2702
100650255	2703
100641690	2704
100647002	2705
100652480	2706
100649667	2707
100480045	2708
100652426	2709
100651139	2710
100647582	2711
100622890	2712
100642961	2713
100412782	2714
100638001	2715
100595243	2716
100646914	2717
100647819	2718
100614037	2719
100635921	2720
100640638	2721
100643617	2722
100645550	2723
100644146	2724
100644635	2725
100618794	2726
100587040	2727
100586940	2728
100586876	2729
100508482	2730
100510092	2731
100658825	2732
100641789	2733
100640760	2734
100652771	2735
100651360	2736
100648148	2737
100590484	2738
100649085	2739
100632552	2740
100634095	2741
100635883	2742
100653260	2743
100642598	2744
100649376	2745
100649968	2746
100536285	2747
100643033	2748
100649700	2749
100655088	2750
100650206	2751
100643017	2752
100657669	2753
100368208	2754
100657199	2755
100654217	2756
100638910	2757
100638137	2758
100644743	2759
100593936	2760
100597661	2761
100530323	2762
100567514	2763
100611888	2764
100612870	2765
100613556	2766
100614550	2767
100621573	2768
100622213	2769
100651148	2770
100648001	2771
100650608	2772
100648943	2773
100648946	2774
100646030	2775
100652846	2776
100652886	2777
100650357	2778
100162022	2779
100645776	2780
100646354	2781
100639784	2782
100385437	2783
100652100	2784
100652093	2785
100496904	2786
100501559	2787
100499791	2788
100503663	2789
100504924	2790
100507643	2791
100625399	2792
100484431	2793
100474248	2794
100471988	2795
100473412	2796
100485578	2797
100489963	2798
100486544	2799
100487614	2800
100573477	2801
100542228	2802
100562189	2803
100566887	2804
100653256	2805
100645817	2806
100645687	2807
100639478	2808
100645793	2809
100334362	2810
100264035	2811
100636605	2812
100450283	2813
100480013	2814
100481346	2815
100481366	2816
100573350	2817
100639382	2818
100642128	2819
100642758	2820
100623422	2821
100651790	2822
100604358	2823
100644611	2824
100644229	2825
100499796	2826
100576230	2827
100653380	2828
100649142	2829
100645555	2830
100648043	2831
100575636	2832
100644971	2833
100171524	2834
100365677	2835
100388220	2836
100646574	2837
100646583	2838
100645156	2839
100645105	2840
100633830	2841
100648517	2842
100649999	2843
100648514	2844
100452141	2845
100636796	2846
100646909	2847
100592778	2848
100475642	2849
100648749	2850
100443394	2851
100443657	2852
100611102	2853
100624868	2854
100640233	2855
100629789	2856
100602362	2857
100607274	2858
100632536	2859
100633264	2860
100636867	2861
100647158	2862
100645450	2863
100626578	2864
100451751	2865
100632598	2866
100655308	2867
100649327	2868
100654935	2869
100641430	2870
100645571	2871
100645596	2872
100645662	2873
100645682	2874
100656200	2875
100652622	2876
100620603	2877
100623242	2878
100625718	2879
100655530	2880
100648228	2881
100609566	2882
100514011	2883
100639428	2884
100259168	2885
100623237	2886
100473031	2887
100457709	2888
100653729	2889
100623131	2890
100478862	2891
100650606	2892
100650605	2893
100341925	2894
100597819	2895
100478855	2896
100478848	2897
100651291	2898
100458859	2899
100464840	2900
100470213	2901
100475649	2902
100482078	2903
100486789	2904
100493686	2905
100499708	2906
100651546	2907
100649990	2908
100649995	2909
100478016	2910
100481761	2911
100630658	2912
100651290	2913
100313152	2914
100304812	2915
100511433	2916
100643312	2917
100575200	2918
100628326	2919
100622664	2920
100626015	2921
100626496	2922
100626495	2923
100626711	2924
100621213	2925
100621391	2926
100621406	2927
100621434	2928
100621637	2929
100622597	2930
100626709	2931
100628413	2932
100616013	2933
100616062	2934
100616112	2935
100616208	2936
100616277	2937
100616520	2938
100616567	2939
100616604	2940
100616813	2941
100616870	2942
100616992	2943
100617046	2944
100617091	2945
100617595	2946
100617697	2947
100617732	2948
100617769	2949
100617940	2950
100618374	2951
100618508	2952
100618553	2953
100618679	2954
100618775	2955
100618806	2956
100618950	2957
100619012	2958
100619081	2959
100619216	2960
100619274	2961
100619397	2962
100619510	2963
100619582	2964
100619669	2965
100619866	2966
100619869	2967
100619898	2968
100619994	2969
100620075	2970
100620298	2971
100620442	2972
100620453	2973
100620530	2974
100620558	2975
100620679	2976
100620711	2977
100620936	2978
100620952	2979
100621006	2980
100626493	2981
100626712	2982
100626710	2983
100637653	2984
100640379	2985
100632666	2986
100632771	2987
100633531	2988
100634130	2989
100633130	2990
100636698	2991
100636882	2992
100637472	2993
100637935	2994
100638366	2995
100638703	2996
100641244	2997
100642467	2998
100647207	2999
100650833	3000
100419120	3001
100419592	3002
100419641	3003
100419841	3004
100420506	3005
100421078	3006
100421582	3007
100422254	3008
100422786	3009
100425833	3010
100428644	3011
100432071	3012
100434875	3013
100438462	3014
100441293	3015
100443702	3016
100447026	3017
100450358	3018
100452975	3019
100455902	3020
100462202	3021
100467625	3022
100473052	3023
100478716	3024
100484414	3025
100489089	3026
100496443	3027
100505654	3028
100508873	3029
100514154	3030
100518174	3031
100522367	3032
100527026	3033
100530289	3034
100533274	3035
100536173	3036
100544696	3037
100549196	3038
100552474	3039
100555050	3040
100559015	3041
100561748	3042
100565090	3043
100567690	3044
100570890	3045
100573055	3046
100575997	3047
100578942	3048
100582562	3049
100587153	3050
100591228	3051
100593650	3052
100598373	3053
100602818	3054
100605656	3055
100608376	3056
100611427	3057
100614690	3058
100617401	3059
100620275	3060
100622922	3061
100625059	3062
100627467	3063
100638859	3064
100641774	3065
100651670	3066
100647484	3067
100645456	3068
100658491	3069
100524919	3070
100527169	3071
100563282	3072
100316343	3073
100645816	3074
100647966	3075
100647967	3076
100648008	3077
100648034	3078
100648005	3079
100648006	3080
100647995	3081
100647989	3082
100647990	3083
100647975	3084
100647987	3085
100647991	3086
100648010	3087
100648017	3088
100648060	3089
100648061	3090
100648020	3091
100648072	3092
100648078	3093
100646616	3094
100644711	3095
100641442	3096
100649791	3097
100619946	3098
100642315	3099
100655605	3100
100653100	3101
100654501	3102
100646612	3103
100644821	3104
100596107	3105
100640262	3106
100636018	3107
100636025	3108
100642276	3109
100644326	3110
100605440	3111
100649642	3112
100589227	3113
100181970	3114
100071744	3115
100376680	3116
100605740	3117
100652514	3118
100642802	3119
100582895	3120
100626613	3121
100563678	3122
100639361	3123
100580946	3124
100650549	3125
100321372	3126
100658183	3127
100321381	3128
100321378	3129
100321371	3130
100108379	3131
100116316	3132
100232715	3133
100188812	3134
100656588	3135
100654853	3136
100646437	3137
100646900	3138
100646364	3139
100645582	3140
100642791	3141
100642662	3142
100643723	3143
100644204	3144
100595440	3145
100644810	3146
100641412	3147
100582708	3148
100643568	3149
100639711	3150
100592946	3151
100643474	3152
100605909	3153
100597001	3154
100443797	3155
100614719	3156
100644322	3157
100656158	3158
100602428	3159
100612344	3160
100640949	3161
100647842	3162
100657080	3163
100656980	3164
100656902	3165
100633343	3166
100656677	3167
100653927	3168
100656622	3169
100628480	3170
100652287	3171
100639969	3172
100654665	3173
100654583	3174
100654478	3175
100654524	3176
100643664	3177
100526311	3178
100605781	3179
100609843	3180
100637207	3181
100652191	3182
100586992	3183
100652322	3184
100407514	3185
100366115	3186
100652312	3187
100641435	3188
100638837	3189
100652200	3190
100652074	3191
100651155	3192
100606001	3193
100617469	3194
100641420	3195
100617145	3196
100651129	3197
100602594	3198
100620503	3199
100617229	3200
100650235	3201
100643752	3202
100645709	3203
100498994	3204
100637885	3205
100649269	3206
100648561	3207
100642157	3208
100464361	3209
100478580	3210
100520908	3211
100529200	3212
100538752	3213
100578974	3214
100561295	3215
100593266	3216
100584280	3217
100608120	3218
100608138	3219
100612260	3220
100635908	3221
100532857	3222
100552591	3223
100646963	3224
100646890	3225
100643141	3226
100646959	3227
100642600	3228
100646934	3229
100646868	3230
100643124	3231
100646777	3232
100628798	3233
100641095	3234
100646808	3235
100630231	3236
100633595	3237
100617278	3238
100494703	3239
100626192	3240
100646579	3241
100646569	3242
100630225	3243
100577445	3244
100610244	3245
100624984	3246
100405407	3247
100632013	3248
100646906	3249
100645813	3250
100645324	3251
100606236	3252
100574722	3253
100653461	3254
100649045	3255
100598411	3256
100649299	3257
100649873	3258
100644137	3259
100641904	3260
100567408	3261
100614432	3262
100473516	3263
100499162	3264
100657909	3265
100499141	3266
100630020	3267
100629799	3268
100656130	3269
100656595	3270
100645137	3271
100644604	3272
100445120	3273
100643545	3274
100643844	3275
100633790	3276
100456056	3277
100111658	3278
100524699	3279
100610225	3280
100653250	3281
100642545	3282
100620486	3283
100630960	3284
100637420	3285
100637708	3286
100638390	3287
100631137	3288
100640692	3289
100646800	3290
100590531	3291
100585403	3292
100592010	3293
100630161	3294
100620319	3295
100633832	3296
100604858	3297
100604825	3298
100106967	3299
100642400	3300
100641973	3301
100622193	3302
100355475	3303
100596398	3304
100655107	3305
100643200	3306
100656424	3307
100651928	3308
100424825	3309
100416313	3310
100413949	3311
100414117	3312
100413964	3313
100419389	3314
100579225	3315
100649915	3316
100349793	3317
100584318	3318
100580014	3319
100472745	3320
100129962	3321
100595515	3322
100524153	3323
100530852	3324
100529730	3325
100642164	3326
100411333	3327
100603233	3328
100593307	3329
100596624	3330
100619128	3331
100639842	3332
100484821	3333
100488460	3334
100483788	3335
100570356	3336
100483794	3337
100554393	3338
100501838	3339
100377620	3340
100417656	3341
100630003	3342
100581964	3343
100424945	3344
100421852	3345
100589783	3346
100573312	3347
100499721	3348
100646303	3349
100646962	3350
100589537	3351
100538550	3352
100632106	3353
100631947	3354
100538069	3355
100348569	3356
100643863	3357
100633438	3358
100597938	3359
100646116	3360
100464418	3361
100645440	3362
100522125	3363
100640038	3364
100418391	3365
100454336	3366
100608363	3367
100658571	3368
100658577	3369
100655581	3370
100657885	3371
100621846	3372
100653212	3373
100653772	3374
100653551	3375
100645809	3376
100309099	3377
100619473	3378
100657748	3379
100647513	3380
100646920	3381
100655321	3382
100650552	3383
100648579	3384
100630448	3385
100591406	3386
100654168	3387
100658165	3388
100650368	3389
100653397	3390
100655164	3391
100655143	3392
100655167	3393
100655177	3394
100627770	3395
100629985	3396
100647160	3397
100647251	3398
100631366	3399
100636385	3400
100642404	3401
100644625	3402
100077110	3403
100657085	3404
100343338	3405
100534657	3406
100515364	3407
100435986	3408
100431294	3409
100473589	3410
100475343	3411
100590366	3412
100654945	3413
100656567	3414
100643799	3415
100634523	3416
100636335	3417
100642456	3418
100627373	3419
100642743	3420
100646046	3421
100646096	3422
100657423	3423
100607970	3424
100618348	3425
100622674	3426
100549240	3427
100622024	3428
100554953	3429
100634247	3430
100606427	3431
100612416	3432
100638601	3433
100639424	3434
100644170	3435
100647868	3436
100645260	3437
100642115	3438
100621878	3439
100624712	3440
100623093	3441
100596985	3442
100648035	3443
100655704	3444
100657745	3445
100656679	3446
100616942	3447
100631898	3448
100630747	3449
100642097	3450
100548567	3451
100623027	3452
100623025	3453
100622988	3454
100650716	3455
100651845	3456
100622751	3457
100622713	3458
100622758	3459
100622753	3460
100622774	3461
100622765	3462
100622992	3463
100622772	3464
100647703	3465
100616494	3466
100656133	3467
100650436	3468
100640215	3469
100190545	3470
100155701	3471
100280989	3472
100451208	3473
100255105	3474
100653493	3475
100653424	3476
100644723	3477
100657872	3478
100657889	3479
100657841	3480
100657832	3481
100657829	3482
100644714	3483
100644631	3484
100644658	3485
100644654	3486
100645671	3487
100645668	3488
100658358	3489
100440627	3490
100657627	3491
100657628	3492
100656833	3493
100656534	3494
100656574	3495
100656571	3496
100656340	3497
100656449	3498
100655884	3499
100654999	3500
100654663	3501
100653084	3502
100635329	3503
100650398	3504
100650409	3505
100649986	3506
100650094	3507
100649370	3508
100649496	3509
100648774	3510
100647793	3511
100647779	3512
100642407	3513
100642396	3514
100610402	3515
100641969	3516
100641950	3517
100641948	3518
100645318	3519
100590416	3520
100640646	3521
100644942	3522
100649912	3523
100650244	3524
100640684	3525
100636452	3526
100636147	3527
100639059	3528
100324761	3529
100642525	3530
100598347	3531
100645641	3532
100647882	3533
100636903	3534
100487446	3535
100505836	3536
100655187	3537
100640623	3538
100646566	3539
100657201	3540
100630783	3541
100450905	3542
100487173	3543
100494997	3544
100494081	3545
100657396	3546
100634433	3547
100641885	3548
100644782	3549
100659230	3550
100659248	3551
100658950	3552
100659309	3553
100659135	3554
100659316	3555
100653658	3556
100658538	3557
100655696	3558
100635754	3559
100610569	3560
100321402	3561
100329608	3562
100612411	3563
100600026	3564
100565749	3565
100589188	3566
100588389	3567
100585021	3568
100596175	3569
100597519	3570
100609246	3571
100642626	3572
100631447	3573
100658494	3574
100500265	3575
100498176	3576
100496442	3577
100502279	3578
100647101	3579
100658367	3580
100658736	3581
100536906	3582
100495968	3583
100606032	3584
100624606	3585
100641481	3586
100641438	3587
100583069	3588
100645924	3589
100647454	3590
100567996	3591
100558393	3592
100560421	3593
100654471	3594
100656664	3595
100644533	3596
100658480	3597
100644903	3598
100641231	3599
100456432	3600
100655808	3601
100639292	3602
100566540	3603
100581290	3604
100643759	3605
100650059	3606
100474708	3607
100475281	3608
100477846	3609
100481579	3610
100482861	3611
100484442	3612
100484722	3613
100484940	3614
100485140	3615
100485594	3616
100488830	3617
100487650	3618
100488806	3619
100488892	3620
100489247	3621
100489982	3622
100491201	3623
100491285	3624
100491515	3625
100506099	3626
100641151	3627
100578904	3628
100651894	3629
100378008	3630
100641135	3631
100656529	3632
100611365	3633
100655241	3634
100649960	3635
100652307	3636
100649449	3637
100584677	3638
100656884	3639
100655425	3640
100628689	3641
100514408	3642
100590021	3643
100644346	3644
100595857	3645
100593054	3646
100650546	3647
100475795	3648
100456129	3649
100589690	3650
100641936	3651
100395503	3652
100528775	3653
100655846	3654
100657798	3655
100570712	3656
100493310	3657
100514729	3658
100509886	3659
100407677	3660
100504674	3661
100458291	3662
100399468	3663
100475167	3664
100226154	3665
100239151	3666
100240808	3667
100558554	3668
100627753	3669
100506407	3670
100232626	3671
100496260	3672
100373670	3673
100568454	3674
100550486	3675
100595662	3676
100574961	3677
100555582	3678
100561757	3679
100481457	3680
100561618	3681
100504122	3682
100626820	3683
100484142	3684
100564637	3685
100530095	3686
100422735	3687
100500324	3688
100525510	3689
100657697	3690
100428991	3691
100648103	3692
100646196	3693
100646524	3694
100555734	3695
100648013	3696
100637963	3697
100646903	3698
100552116	3699
100564676	3700
100582796	3701
100566690	3702
100560217	3703
100566241	3704
100575399	3705
100119800	3706
100119834	3707
100119836	3708
100464465	3709
100650637	3710
100646022	3711
100657283	3712
100636670	3713
100642517	3714
100407477	3715
100638113	3716
100630416	3717
100307915	3718
100631524	3719
100641491	3720
100651366	3721
100652033	3722
100619605	3723
100464806	3724
100610019	3725
100626813	3726
100627507	3727
100639211	3728
100486878	3729
100630232	3730
100630369	3731
100630275	3732
100443882	3733
100443883	3734
100443859	3735
100444071	3736
100443881	3737
100518125	3738
100538043	3739
100548557	3740
100155069	3741
100475290	3742
100383246	3743
100574506	3744
100628508	3745
100553458	3746
100634317	3747
100641395	3748
100644933	3749
100636454	3750
100646917	3751
100504133	3752
100588134	3753
100588237	3754
100588359	3755
100588410	3756
100588487	3757
100588594	3758
100651330	3759
100580916	3760
100568056	3761
100631896	3762
100656729	3763
100614499	3764
100573544	3765
100658597	3766
100656585	3767
100651338	3768
100647402	3769
100657843	3770
100658789	3771
100658726	3772
100251796	3773
100485348	3774
100552517	3775
100581998	3776
100554612	3777
100546125	3778
100265891	3779
100285607	3780
100644010	3781
100636813	3782
100598335	3783
100625957	3784
100625962	3785
100636801	3786
100656579	3787
100655844	3788
100657598	3789
100656042	3790
100148434	3791
100657275	3792
100655231	3793
100655092	3794
100653025	3795
100646567	3796
100602520	3797
100621330	3798
100637433	3799
100635249	3800
100554756	3801
100567176	3802
100642015	3803
100629590	3804
100630245	3805
100638795	3806
100312784	3807
100087433	3808
100080979	3809
100532955	3810
100565353	3811
100568286	3812
100580821	3813
100522289	3814
100552351	3815
100606763	3816
100617151	3817
100627523	3818
100629931	3819
100629945	3820
100639572	3821
100643576	3822
100636311	3823
100653170	3824
100658489	3825
100496825	3826
100419825	3827
100505844	3828
100505848	3829
100658557	3830
100658558	3831
100657258	3832
100540643	3833
100627725	3834
100646450	3835
100536043	3836
100626756	3837
100650346	3838
100647690	3839
100644613	3840
100643555	3841
100642964	3842
100632244	3843
100641287	3844
100636810	3845
100639530	3846
100630394	3847
100582665	3848
100655039	3849
100610032	3850
100655604	3851
100648941	3852
100586635	3853
100588176	3854
100302322	3855
100596223	3856
100584236	3857
100586652	3858
100560969	3859
100590918	3860
100446085	3861
100651511	3862
100361299	3863
100641944	3864
100645693	3865
100648253	3866
100659247	3867
100659245	3868
100659068	3869
100658608	3870
100658643	3871
100658602	3872
100659065	3873
100648441	3874
100646293	3875
100645618	3876
100644727	3877
100657866	3878
100657870	3879
100475481	3880
100512914	3881
100513740	3882
100534430	3883
100595896	3884
100611290	3885
100633647	3886
100581513	3887
100647864	3888
100473848	3889
100228278	3890
100506204	3891
100643878	3892
100578573	3893
100626519	3894
100645543	3895
100588499	3896
100651644	3897
100641710	3898
100654249	3899
100643389	3900
100652987	3901
100645839	3902
100633052	3903
100432654	3904
100596345	3905
100634681	3906
100625079	3907
100630699	3908
100472629	3909
100648268	3910
100642446	3911
100644193	3912
100644161	3913
100654612	3914
100643725	3915
100643672	3916
100644060	3917
100276875	3918
100650671	3919
100654837	3920
100280177	3921
100499454	3922
100454955	3923
100510169	3924
100603422	3925
100633901	3926
100508705	3927
100331655	3928
100403522	3929
100595466	3930
100643430	3931
100645470	3932
100631958	3933
100648704	3934
100652446	3935
100263358	3936
100263364	3937
100263379	3938
100263427	3939
100263441	3940
100263451	3941
100263458	3942
100263464	3943
100263481	3944
100263521	3945
100263540	3946
100263621	3947
100263733	3948
100263735	3949
100263534	3950
100264254	3951
100264307	3952
100264315	3953
100264328	3954
100264339	3955
100264375	3956
100264405	3957
100656669	3958
100635863	3959
100445507	3960
100452391	3961
100453074	3962
100450556	3963
100628454	3964
100630050	3965
100631793	3966
100585491	3967
100649275	3968
100648914	3969
100654670	3970
100562187	3971
100648211	3972
100627234	3973
100631160	3974
100632820	3975
100636771	3976
100652786	3977
100649794	3978
100321799	3979
100621028	3980
100645944	3981
100611665	3982
100551879	3983
100653755	3984
100649047	3985
100536957	3986
100560388	3987
100061443	3988
100655952	3989
100636383	3990
100641411	3991
100622742	3992
100654590	3993
100654595	3994
100651314	3995
100580083	3996
100508411	3997
100638797	3998
100647795	3999
100659021	4000
100653870	4001
100645244	4002
100639275	4003
100652616	4004
100464480	4005
100475351	4006
100192446	4007
100592937	4008
100642212	4009
100643080	4010
100646632	4011
100595654	4012
100585761	4013
100599156	4014
100601442	4015
100602833	4016
100612986	4017
100655502	4018
100655503	4019
100655506	4020
100655505	4021
100655512	4022
100655515	4023
100655504	4024
100655511	4025
100655516	4026
100655513	4027
100655510	4028
100655514	4029
100652596	4030
100649189	4031
100655406	4032
100655389	4033
100655327	4034
100655292	4035
100655049	4036
100655055	4037
100655052	4038
100655046	4039
100655109	4040
100655095	4041
100654554	4042
100654809	4043
100654655	4044
100654856	4045
100654926	4046
100654619	4047
100654417	4048
100654416	4049
100654661	4050
100654419	4051
100654662	4052
100654660	4053
100654659	4054
100654724	4055
100654427	4056
100654398	4057
100654418	4058
100653887	4059
100653869	4060
100653871	4061
100653872	4062
100653930	4063
100653873	4064
100653875	4065
100653890	4066
100653885	4067
100654139	4068
100654364	4069
100654336	4070
100654387	4071
100654292	4072
100654335	4073
100654239	4074
100653558	4075
100653343	4076
100653593	4077
100653372	4078
100652877	4079
100652953	4080
100652763	4081
100652151	4082
100652154	4083
100652152	4084
100652153	4085
100652681	4086
100652698	4087
100652619	4088
100652478	4089
100652184	4090
100652306	4091
100652303	4092
100652194	4093
100652165	4094
100652195	4095
100652193	4096
100652189	4097
100651855	4098
100651941	4099
100651854	4100
100651887	4101
100651288	4102
100651289	4103
100651369	4104
100651309	4105
100651020	4106
100651145	4107
100651198	4108
100650812	4109
100650809	4110
100650872	4111
100650271	4112
100650131	4113
100649795	4114
100649993	4115
100649994	4116
100649989	4117
100649991	4118
100649992	4119
100649998	4120
100650000	4121
100649996	4122
100649997	4123
100650002	4124
100650001	4125
100649859	4126
100649723	4127
100649933	4128
100649916	4129
100649710	4130
100649868	4131
100649588	4132
100649108	4133
100649103	4134
100649155	4135
100649333	4136
100649153	4137
100649068	4138
100648771	4139
100648822	4140
100648144	4141
100648143	4142
100648146	4143
100648147	4144
100648152	4145
100648154	4146
100648153	4147
100648177	4148
100648374	4149
100648121	4150
100648117	4151
100647922	4152
100647994	4153
100647594	4154
100647587	4155
100647528	4156
100647553	4157
100647569	4158
100647517	4159
100647568	4160
100647571	4161
100647573	4162
100647574	4163
100647570	4164
100647579	4165
100647577	4166
100647578	4167
100646879	4168
100646975	4169
100646974	4170
100646847	4171
100646883	4172
100646197	4173
100646199	4174
100646203	4175
100646198	4176
100646204	4177
100646200	4178
100646202	4179
100646427	4180
100646520	4181
100646034	4182
100645780	4183
100645743	4184
100645306	4185
100645307	4186
100610076	4187
100624122	4188
100611465	4189
100624473	4190
100573424	4191
100648689	4192
100647589	4193
100656972	4194
100653865	4195
100612707	4196
100612719	4197
100578481	4198
100523270	4199
100642726	4200
100619451	4201
100615213	4202
100615678	4203
100615682	4204
100619836	4205
100619797	4206
100619583	4207
100613087	4208
100264250	4209
100616071	4210
100617625	4211
100617627	4212
100613089	4213
100619394	4214
100607072	4215
100616257	4216
100619527	4217
100618835	4218
100613088	4219
100619513	4220
100619793	4221
100615684	4222
100619698	4223
100621014	4224
100615683	4225
100598859	4226
100619519	4227
100619624	4228
100619382	4229
100619817	4230
100619905	4231
100357517	4232
100656625	4233
100643776	4234
100497217	4235
100608486	4236
100610635	4237
100647529	4238
100612712	4239
100612702	4240
100612708	4241
100580984	4242
100573000	4243
100639363	4244
100496586	4245
100633102	4246
100636549	4247
100508744	4248
100659140	4249
100655761	4250
100655746	4251
100650426	4252
100343207	4253
100632754	4254
100497947	4255
100643627	4256
100453602	4257
100658822	4258
100658819	4259
100572379	4260
100588093	4261
100422988	4262
100351184	4263
100321383	4264
100625945	4265
100612410	4266
100644936	4267
100448173	4268
100445089	4269
100603398	4270
100071533	4271
100552412	4272
100606872	4273
100584185	4274
100590598	4275
100655655	4276
100639202	4277
100639149	4278
100628232	4279
100629557	4280
100634897	4281
100635173	4282
100635208	4283
100655690	4284
100628133	4285
100563922	4286
100581035	4287
100204967	4288
100344606	4289
100503394	4290
100620949	4291
100626831	4292
100627796	4293
100656518	4294
100652658	4295
100649385	4296
100648092	4297
100611694	4298
100648761	4299
100625367	4300
100460064	4301
100642786	4302
100215234	4303
100209659	4304
100148715	4305
100534989	4306
100606976	4307
100613141	4308
100655710	4309
100652624	4310
100637310	4311
100641661	4312
100635197	4313
100645454	4314
100645161	4315
100657385	4316
100658456	4317
100658049	4318
100652225	4319
100643135	4320
100626368	4321
100642102	4322
100641396	4323
100645459	4324
100550776	4325
100623301	4326
100627319	4327
100648141	4328
100639374	4329
100281359	4330
100312662	4331
100642895	4332
100150452	4333
100487364	4334
100271394	4335
100410302	4336
100494142	4337
100391013	4338
100473267	4339
100499047	4340
100403731	4341
100362699	4342
100501943	4343
100484945	4344
100161312	4345
100108903	4346
100479131	4347
100220595	4348
100478345	4349
100477626	4350
100454076	4351
100561472	4352
100180146	4353
100296229	4354
100406515	4355
100321449	4356
100405847	4357
100461231	4358
100487981	4359
100488319	4360
100478790	4361
100251773	4362
100521956	4363
100295823	4364
100498777	4365
100200398	4366
100145343	4367
100479099	4368
100331907	4369
100512677	4370
100388795	4371
100640183	4372
100371779	4373
100400219	4374
100383500	4375
100389537	4376
100391959	4377
100602201	4378
100656566	4379
100629954	4380
100648690	4381
100652108	4382
100579605	4383
100640538	4384
100605695	4385
100605699	4386
100253588	4387
100640606	4388
100640970	4389
100646421	4390
100631355	4391
100649059	4392
100603744	4393
100614696	4394
100640953	4395
100641260	4396
100643449	4397
100643742	4398
100642713	4399
100643601	4400
100589119	4401
100501440	4402
100625827	4403
100554039	4404
100657877	4405
100642162	4406
100598776	4407
100580531	4408
100568173	4409
100646482	4410
100648127	4411
100359318	4412
100648263	4413
100446011	4414
100641329	4415
100653818	4416
100650709	4417
100627798	4418
100534578	4419
100383284	4420
100656778	4421
100657167	4422
100505042	4423
100656538	4424
100656744	4425
100656875	4426
100656853	4427
100656900	4428
100656881	4429
100578687	4430
100655079	4431
100511217	4432
100511480	4433
100653211	4434
100505814	4435
100650607	4436
100653010	4437
100653588	4438
100452652	4439
100644931	4440
100649071	4441
100649084	4442
100635928	4443
100630977	4444
100548619	4445
100648105	4446
100372034	4447
100643465	4448
100571506	4449
100591490	4450
100588256	4451
100444456	4452
100597232	4453
100624617	4454
100645633	4455
100296528	4456
100095383	4457
100196793	4458
100452812	4459
100658522	4460
100649136	4461
100602609	4462
100647368	4463
100658526	4464
100658467	4465
100655787	4466
100655789	4467
100658461	4468
100658500	4469
100655791	4470
100656509	4471
100498974	4472
100491477	4473
100494332	4474
100563929	4475
100643315	4476
100545014	4477
100493173	4478
100467281	4479
100379244	4480
100593909	4481
100623249	4482
100622120	4483
100636197	4484
100619278	4485
100642527	4486
100644403	4487
100641374	4488
100645659	4489
100645674	4490
100657502	4491
100635687	4492
100640566	4493
100655144	4494
100452523	4495
100658542	4496
100649932	4497
100644965	4498
100655881	4499
100645107	4500
100549140	4501
100549193	4502
100193138	4503
100626645	4504
100636628	4505
100631789	4506
100360021	4507
100487813	4508
100520564	4509
100506415	4510
100543823	4511
100177872	4512
100267692	4513
100198621	4514
100190581	4515
100128820	4516
100284888	4517
100229621	4518
100469854	4519
100455498	4520
100481736	4521
100451055	4522
100186727	4523
100642542	4524
100439030	4525
100658966	4526
100644344	4527
100337843	4528
100595757	4529
100641935	4530
100631878	4531
100386717	4532
100552804	4533
100658462	4534
100650395	4535
100487710	4536
100212585	4537
100438160	4538
100647326	4539
100644281	4540
100644167	4541
100644230	4542
100646042	4543
100431284	4544
100428887	4545
100658541	4546
100644144	4547
100640685	4548
100640202	4549
100639023	4550
100637595	4551
100637064	4552
100639152	4553
100639688	4554
100571150	4555
100638902	4556
100639199	4557
100638698	4558
100639043	4559
100625542	4560
100576152	4561
100592644	4562
100623704	4563
100624392	4564
100589594	4565
100575661	4566
100590583	4567
100522305	4568
100623065	4569
100633187	4570
100620369	4571
100540979	4572
100624902	4573
100627330	4574
100515032	4575
100510651	4576
100511382	4577
100656570	4578
100657703	4579
100643908	4580
100401659	4581
100453387	4582
100622563	4583
100619959	4584
100616086	4585
100613256	4586
100601966	4587
100590609	4588
100630256	4589
100632697	4590
100624370	4591
100603877	4592
100607823	4593
100589234	4594
100591922	4595
100593095	4596
100584850	4597
100568828	4598
100565655	4599
100581999	4600
100576778	4601
100579798	4602
100573373	4603
100571452	4604
100562053	4605
100555981	4606
100485273	4607
100443557	4608
100440508	4609
100437740	4610
100434285	4611
100573864	4612
100643538	4613
100592268	4614
100602478	4615
100629988	4616
100633347	4617
100633892	4618
100618756	4619
100608999	4620
100638331	4621
100546824	4622
100603307	4623
100632116	4624
100524831	4625
100632367	4626
100653411	4627
100614171	4628
100649387	4629
100648863	4630
100592687	4631
100603979	4632
100622106	4633
100614319	4634
100617212	4635
100651564	4636
100419585	4637
100641652	4638
100597862	4639
100596180	4640
100626764	4641
100626390	4642
100633684	4643
100472833	4644
100644273	4645
100644972	4646
100645143	4647
100656613	4648
100454196	4649
100456918	4650
100554323	4651
100532855	4652
100629021	4653
100518487	4654
100594846	4655
100602587	4656
100361967	4657
100129988	4658
100562909	4659
100641758	4660
100655618	4661
100656727	4662
100657309	4663
100490799	4664
100568506	4665
100632234	4666
100620050	4667
100485699	4668
100380253	4669
100277646	4670
100364346	4671
100362391	4672
100510476	4673
100522492	4674
100458487	4675
100509563	4676
100463421	4677
100364274	4678
100349119	4679
100508490	4680
100192980	4681
100417123	4682
100309305	4683
100292367	4684
100640650	4685
100650611	4686
100483005	4687
100486567	4688
100592921	4689
100592713	4690
100596316	4691
100267114	4692
100501383	4693
100543173	4694
100629461	4695
100642415	4696
100656837	4697
100657077	4698
100655658	4699
100530864	4700
100222080	4701
100449983	4702
100643504	4703
100586966	4704
100562179	4705
100151425	4706
100273471	4707
100608424	4708
100625636	4709
100630842	4710
100633313	4711
100645093	4712
100643250	4713
100642878	4714
100525420	4715
100652731	4716
100595627	4717
100657285	4718
100636261	4719
100438224	4720
100647614	4721
100638656	4722
100638676	4723
100641469	4724
100619589	4725
100620007	4726
100303904	4727
100452443	4728
100548499	4729
100608128	4730
100656087	4731
100592587	4732
100642537	4733
100619425	4734
100644119	4735
100604684	4736
100604938	4737
100605199	4738
100605266	4739
100605302	4740
100605900	4741
100603397	4742
100654570	4743
100654573	4744
100654589	4745
100654544	4746
100654537	4747
100654528	4748
100654527	4749
100654581	4750
100651379	4751
100651313	4752
100647954	4753
100641388	4754
100644628	4755
100644629	4756
100644632	4757
100644607	4758
100644606	4759
100644634	4760
100626540	4761
100296860	4762
100594874	4763
100642448	4764
100632451	4765
100633425	4766
100631802	4767
100631442	4768
100627318	4769
100627324	4770
100627326	4771
100337863	4772
100614809	4773
100618257	4774
100638111	4775
100620464	4776
100629525	4777
100659384	4778
100648748	4779
100620138	4780
100657159	4781
100613693	4782
100619354	4783
100633095	4784
100648911	4785
100624605	4786
100414400	4787
100535493	4788
100643118	4789
100643950	4790
100330257	4791
100454130	4792
100452456	4793
100655575	4794
100372277	4795
100480068	4796
100479270	4797
100627337	4798
100633786	4799
100615341	4800
100242316	4801
100571510	4802
100509124	4803
100656672	4804
100058526	4805
100331918	4806
100654563	4807
100475251	4808
100575193	4809
100079266	4810
100489223	4811
100619241	4812
100362913	4813
100650343	4814
100433587	4815
100634398	4816
100630445	4817
100331650	4818
100309903	4819
100630097	4820
100630779	4821
100569111	4822
100287332	4823
100635278	4824
100586662	4825
100454052	4826
100654987	4827
100496477	4828
100388823	4829
100525921	4830
100391357	4831
100604563	4832
100493415	4833
100621658	4834
100336520	4835
100606655	4836
100410422	4837
100602964	4838
100625193	4839
100593556	4840
100197742	4841
100422677	4842
100341697	4843
100227342	4844
100578291	4845
100592466	4846
100573683	4847
100232373	4848
100598807	4849
100541980	4850
100158197	4851
100515961	4852
100392848	4853
100609561	4854
100519621	4855
100539696	4856
100644585	4857
100642690	4858
100642669	4859
100614305	4860
100642671	4861
100153902	4862
100579750	4863
100627889	4864
100633091	4865
100637650	4866
100656178	4867
100584306	4868
100583242	4869
100582715	4870
100635912	4871
100636460	4872
100638217	4873
100633101	4874
100634053	4875
100640213	4876
100570531	4877
100602251	4878
100357831	4879
100366142	4880
100259173	4881
100235759	4882
100285588	4883
100346344	4884
100338984	4885
100357833	4886
100357834	4887
100357835	4888
100359164	4889
100405438	4890
100599415	4891
100408121	4892
100648524	4893
100116539	4894
100049675	4895
100183751	4896
100186935	4897
100598226	4898
100605921	4899
100595566	4900
100623284	4901
100405439	4902
100422423	4903
100440650	4904
100455533	4905
100473278	4906
100475496	4907
100490793	4908
100493669	4909
100499378	4910
100513375	4911
100552575	4912
100580471	4913
100582092	4914
100637734	4915
100642997	4916
100648224	4917
100629899	4918
100599935	4919
100640383	4920
100647189	4921
100606950	4922
100620959	4923
100564299	4924
100568991	4925
100572084	4926
100538411	4927
100620052	4928
100620973	4929
100615070	4930
100623512	4931
100584580	4932
100561481	4933
100562429	4934
100612096	4935
100616844	4936
100528666	4937
100457460	4938
100441641	4939
100624828	4940
100655323	4941
100350730	4942
100443870	4943
100622155	4944
100623159	4945
100425431	4946
100645433	4947
100450511	4948
100390056	4949
100658355	4950
100632744	4951
100641186	4952
100326669	4953
100529292	4954
100614363	4955
100615965	4956
100615975	4957
100604468	4958
100615414	4959
100618994	4960
100642101	4961
100639606	4962
100636070	4963
100607474	4964
100652265	4965
100611668	4966
100499371	4967
100628477	4968
100631095	4969
100640651	4970
100523220	4971
100438541	4972
100367089	4973
100642387	4974
100644112	4975
100642412	4976
100628664	4977
100603797	4978
100616142	4979
100587842	4980
100656850	4981
100639998	4982
100658479	4983
100638328	4984
100656675	4985
100656854	4986
100656861	4987
100655801	4988
100658392	4989
100633588	4990
100640663	4991
100656867	4992
100656863	4993
100491270	4994
100650850	4995
100637372	4996
100637437	4997
100637757	4998
100638622	4999
100637789	5000
100638286	5001
100607211	5002
100654426	5003
100103868	5004
100508500	5005
100608554	5006
100639076	5007
100580458	5008
100587740	5009
100646350	5010
100645660	5011
100595508	5012
100574167	5013
100586326	5014
100619555	5015
100631978	5016
100641626	5017
100641810	5018
100641913	5019
100641959	5020
100629320	5021
100629902	5022
100631057	5023
100632017	5024
100637161	5025
100638120	5026
100639488	5027
100639973	5028
100604899	5029
100612326	5030
100609466	5031
100611058	5032
100617433	5033
100631713	5034
100630466	5035
100488750	5036
100485347	5037
100484528	5038
100492655	5039
100638168	5040
100619730	5041
100645825	5042
100644928	5043
100488785	5044
100595124	5045
100635947	5046
100498071	5047
100622970	5048
100580184	5049
100581526	5050
100610197	5051
100628515	5052
100628536	5053
100628614	5054
100628747	5055
100469428	5056
100469926	5057
100638302	5058
100649140	5059
100653421	5060
100630283	5061
100612333	5062
100608336	5063
100604432	5064
100621441	5065
100623724	5066
100629561	5067
100631885	5068
100640287	5069
100637525	5070
100635220	5071
100643377	5072
100657914	5073
100152291	5074
100626344	5075
100656195	5076
100437720	5077
100552689	5078
100461386	5079
100461319	5080
100518711	5081
100595775	5082
100608137	5083
100635870	5084
100637347	5085
100640809	5086
100652862	5087
100642941	5088
100640271	5089
100607974	5090
100651989	5091
100590973	5092
100394069	5093
100168797	5094
100425348	5095
100512529	5096
100496350	5097
100575316	5098
100562905	5099
100584180	5100
100597589	5101
100597601	5102
100228236	5103
100659133	5104
100274578	5105
100280263	5106
100375299	5107
100431382	5108
100455361	5109
100640875	5110
100648924	5111
100647869	5112
100493663	5113
100479343	5114
100478510	5115
100609253	5116
100620574	5117
100636780	5118
100515007	5119
100499831	5120
100529372	5121
100657160	5122
100657340	5123
100655700	5124
100413365	5125
100652795	5126
100651621	5127
100251694	5128
100442165	5129
100288629	5130
100290438	5131
100658635	5132
100624141	5133
100229371	5134
100148357	5135
100559276	5136
100559551	5137
100558890	5138
100591839	5139
100627344	5140
100483941	5141
100518563	5142
100610695	5143
100611149	5144
100513129	5145
100628980	5146
100623126	5147
100412694	5148
100365045	5149
100505856	5150
100643990	5151
100452786	5152
100628883	5153
100568063	5154
100563621	5155
100564475	5156
100627888	5157
100588787	5158
100295736	5159
100580796	5160
100253996	5161
100496480	5162
100436838	5163
100377181	5164
100426850	5165
100502548	5166
100455851	5167
100460092	5168
100488452	5169
100326926	5170
100429266	5171
100499043	5172
100232352	5173
100543368	5174
100246624	5175
100388614	5176
100584033	5177
100399352	5178
100394698	5179
100231806	5180
100487527	5181
100434263	5182
100151629	5183
100385650	5184
100379805	5185
100632188	5186
100177259	5187
100417231	5188
100505091	5189
100435062	5190
100502656	5191
100503400	5192
100522019	5193
100363923	5194
100378680	5195
100184106	5196
100620702	5197
100400556	5198
100632019	5199
100632335	5200
100632531	5201
100640751	5202
100647367	5203
100582291	5204
100652078	5205
100648160	5206
100187654	5207
100623045	5208
100654981	5209
100597225	5210
100479425	5211
100634056	5212
100613285	5213
100625977	5214
100612156	5215
100648261	5216
100461233	5217
100466637	5218
100502953	5219
100410967	5220
100609968	5221
100355910	5222
100572975	5223
100636818	5224
100636831	5225
100636760	5226
100639241	5227
100591542	5228
100636870	5229
100657218	5230
100657220	5231
100657277	5232
100655691	5233
100655004	5234
100650609	5235
100316548	5236
100295321	5237
100452851	5238
100654692	5239
100620084	5240
100624277	5241
100652676	5242
100649591	5243
100343519	5244
100615236	5245
100609123	5246
100499034	5247
100590629	5248
100451867	5249
100639658	5250
100657256	5251
100081658	5252
100627117	5253
100277735	5254
100144206	5255
100539778	5256
100627483	5257
100603423	5258
100630764	5259
100620325	5260
100643779	5261
100453073	5262
100491406	5263
100491566	5264
100491287	5265
100535514	5266
100658129	5267
100635887	5268
100361950	5269
100641403	5270
100652430	5271
100658126	5272
100616656	5273
100650173	5274
100623048	5275
100657465	5276
100645512	5277
100616073	5278
100617654	5279
100616121	5280
100616069	5281
100618834	5282
100619591	5283
100619625	5284
100619206	5285
100619829	5286
100508501	5287
100508503	5288
100640762	5289
100621632	5290
100565405	5291
100619134	5292
100638537	5293
100566490	5294
100593768	5295
100562533	5296
100619426	5297
100453655	5298
100594856	5299
100656682	5300
100129878	5301
100653070	5302
100659387	5303
100655255	5304
100382419	5305
100385273	5306
100385318	5307
100642523	5308
100641492	5309
100641427	5310
100641464	5311
100641445	5312
100654561	5313
100620000	5314
100619852	5315
100613091	5316
100613092	5317
100617621	5318
100423422	5319
100538543	5320
100437781	5321
100486350	5322
100358266	5323
100422489	5324
100187992	5325
100639171	5326
100507850	5327
100647325	5328
100079260	5329
100614555	5330
100652516	5331
100311828	5332
100311811	5333
100093053	5334
100483249	5335
100485730	5336
100649665	5337
100636913	5338
100639146	5339
100649580	5340
100479410	5341
100643727	5342
100642613	5343
100648328	5344
100126189	5345
100402449	5346
100079449	5347
100110686	5348
100633322	5349
100568164	5350
100647393	5351
100647390	5352
100499406	5353
100497503	5354
100498439	5355
100495783	5356
100500222	5357
100180204	5358
100398568	5359
100587633	5360
100582628	5361
100548083	5362
100583469	5363
100641725	5364
100557901	5365
100532870	5366
100561985	5367
100596144	5368
100603132	5369
100620521	5370
100625509	5371
100617677	5372
100618925	5373
100619813	5374
100619018	5375
100619576	5376
100619842	5377
100478858	5378
100478846	5379
100639470	5380
100640644	5381
100634847	5382
100639779	5383
100583827	5384
100603803	5385
100549580	5386
100630254	5387
100302045	5388
100109560	5389
100597831	5390
100630395	5391
100434659	5392
100490546	5393
100654680	5394
100624790	5395
100190536	5396
100658783	5397
100245245	5398
100577196	5399
100478483	5400
100553518	5401
100264551	5402
100637571	5403
100449335	5404
100588310	5405
100370295	5406
100492516	5407
100063606	5408
100500592	5409
100420196	5410
100392825	5411
100295345	5412
100495256	5413
100561392	5414
100227926	5415
100362561	5416
100500069	5417
100258567	5418
100338956	5419
100487949	5420
100321441	5421
100339737	5422
100167015	5423
100334245	5424
100430439	5425
100432556	5426
100389795	5427
100567487	5428
100166448	5429
100183880	5430
100460881	5431
100113292	5432
100522095	5433
100366753	5434
100495756	5435
100509056	5436
100448882	5437
100492828	5438
100544514	5439
100638662	5440
100649527	5441
100645615	5442
100390134	5443
100643019	5444
100619536	5445
100539081	5446
100598053	5447
100579060	5448
100652001	5449
100319843	5450
100302588	5451
100625967	5452
100302576	5453
100374448	5454
100414823	5455
100559557	5456
100556432	5457
100646619	5458
100611680	5459
100645610	5460
100633860	5461
100526304	5462
100540215	5463
100563241	5464
100536402	5465
100546432	5466
100525626	5467
100506283	5468
100619469	5469
100518853	5470
100518852	5471
100519527	5472
100526635	5473
100535888	5474
100538794	5475
100591217	5476
100593698	5477
100632329	5478
100570784	5479
100574942	5480
100640864	5481
100575104	5482
100611712	5483
100448890	5484
100487609	5485
100344829	5486
100329824	5487
100623082	5488
100623016	5489
100657250	5490
100577656	5491
100555023	5492
100541138	5493
100492433	5494
100476381	5495
100428536	5496
100333902	5497
100109948	5498
100422434	5499
100472589	5500
100369121	5501
100593791	5502
100582910	5503
100484296	5504
100430790	5505
100160890	5506
100189004	5507
100656735	5508
100644780	5509
100650072	5510
100649871	5511
100644351	5512
100644190	5513
100644347	5514
100643162	5515
100643170	5516
100642759	5517
100643001	5518
100637881	5519
100552233	5520
100652654	5521
100368160	5522
100058971	5523
100635885	5524
100620203	5525
100643281	5526
100625963	5527
100628408	5528
100446972	5529
100602695	5530
100595612	5531
100602499	5532
100621933	5533
100456452	5534
100462296	5535
100405566	5536
100609591	5537
100574001	5538
100595618	5539
100586838	5540
100592753	5541
100641232	5542
100508236	5543
100487072	5544
100649408	5545
100623108	5546
100657842	5547
100650551	5548
100640734	5549
100535511	5550
100470666	5551
100478036	5552
100470170	5553
100469856	5554
100471254	5555
100428184	5556
100636138	5557
100497938	5558
100505326	5559
100505500	5560
100620612	5561
100488561	5562
100634751	5563
100630191	5564
100647777	5565
100479895	5566
100488931	5567
100484720	5568
100144077	5569
100576239	5570
100616967	5571
100631163	5572
100532544	5573
100541908	5574
100633877	5575
100618310	5576
100382423	5577
100624818	5578
100642735	5579
100318710	5580
100403292	5581
100643884	5582
100488795	5583
100489299	5584
100626543	5585
100596257	5586
100478407	5587
100657875	5588
100593700	5589
100639094	5590
100161455	5591
100651735	5592
100643137	5593
100644274	5594
100640509	5595
100641146	5596
100641434	5597
100385932	5598
100645969	5599
100614663	5600
100641599	5601
100657775	5602
100657786	5603
100657827	5604
100657749	5605
100657757	5606
100657768	5607
100657770	5608
100657868	5609
100657833	5610
100452585	5611
100434226	5612
100644930	5613
100569409	5614
100578663	5615
100596938	5616
100604178	5617
100634660	5618
100582806	5619
100620927	5620
100601746	5621
100645249	5622
100429131	5623
100445090	5624
100187843	5625
100505983	5626
100478130	5627
100626774	5628
100637467	5629
100581568	5630
100644697	5631
100657854	5632
100605793	5633
100539223	5634
100657169	5635
100642916	5636
100654558	5637
100493189	5638
100631353	5639
100638132	5640
100616723	5641
100627418	5642
100536220	5643
100576498	5644
100440913	5645
100492848	5646
100571215	5647
100631522	5648
100241350	5649
100411380	5650
100648510	5651
100643050	5652
100655326	5653
100604712	5654
100587934	5655
100501235	5656
100606873	5657
100646895	5658
100437566	5659
100596570	5660
100591372	5661
100592703	5662
100622496	5663
100538064	5664
100627331	5665
100623111	5666
100621095	5667
100630831	5668
100618398	5669
100592818	5670
100630454	5671
100632364	5672
100632345	5673
100586795	5674
100653291	5675
100659337	5676
100617390	5677
100643343	5678
100501664	5679
100453155	5680
100658457	5681
100606914	5682
100545894	5683
100627127	5684
100651295	5685
100622805	5686
100638481	5687
100509994	5688
100622585	5689
100622589	5690
100355420	5691
100449384	5692
100645681	5693
100645688	5694
100645713	5695
100633958	5696
100588452	5697
100635741	5698
100643016	5699
100644534	5700
100552549	5701
100489624	5702
100537752	5703
100641409	5704
100640556	5705
100636001	5706
100641002	5707
100652470	5708
100551944	5709
100628866	5710
100647100	5711
100452848	5712
100452529	5713
100640791	5714
100573621	5715
100271414	5716
100583327	5717
100561814	5718
100487708	5719
100650874	5720
100657166	5721
100656180	5722
100643455	5723
100509461	5724
100650785	5725
100612479	5726
100656537	5727
100444675	5728
100620604	5729
100634044	5730
100642116	5731
100593917	5732
100597878	5733
100118849	5734
100612252	5735
100555032	5736
100449311	5737
100499007	5738
100555029	5739
100585318	5740
100642804	5741
100590842	5742
100364971	5743
100360295	5744
100390563	5745
100373692	5746
100357261	5747
100354299	5748
100558259	5749
100598886	5750
100484148	5751
100484149	5752
100484153	5753
100486354	5754
100641074	5755
100641631	5756
100643478	5757
100642949	5758
100434920	5759
100623244	5760
100615418	5761
100574060	5762
100640682	5763
100535625	5764
100641397	5765
100612867	5766
100358751	5767
100655596	5768
100592642	5769
100633233	5770
100633294	5771
100637905	5772
100659395	5773
100585207	5774
100452584	5775
100645663	5776
100455534	5777
100658320	5778
100652294	5779
100502400	5780
100537042	5781
100481001	5782
100480925	5783
100198433	5784
100408420	5785
100426723	5786
100336076	5787
100640385	5788
100635864	5789
100642714	5790
100659269	5791
100658499	5792
100658476	5793
100509958	5794
100654240	5795
100630199	5796
100586292	5797
100519517	5798
100594547	5799
100611126	5800
100535887	5801
100638719	5802
100501836	5803
100629187	5804
100616450	5805
100616678	5806
100625370	5807
100610877	5808
100611893	5809
100605875	5810
100508524	5811
100638727	5812
100613454	5813
100606755	5814
100646921	5815
100608145	5816
100502103	5817
100551062	5818
100085873	5819
100541988	5820
100596070	5821
100595669	5822
100623044	5823
100623047	5824
100648129	5825
100633875	5826
100633812	5827
100644249	5828
100648416	5829
100657572	5830
100594464	5831
100595883	5832
100491299	5833
100128451	5834
100598837	5835
100147799	5836
100223079	5837
100541468	5838
100559053	5839
100560051	5840
100561759	5841
100562285	5842
100562946	5843
100565615	5844
100571354	5845
100574474	5846
100575136	5847
100575613	5848
100580136	5849
100584977	5850
100587623	5851
100591209	5852
100592060	5853
100594446	5854
100594441	5855
100594686	5856
100597315	5857
100599007	5858
100603057	5859
100604454	5860
100605500	5861
100605513	5862
100605572	5863
100605634	5864
100606019	5865
100605869	5866
100606029	5867
100606524	5868
100606813	5869
100606959	5870
100609691	5871
100609716	5872
100610604	5873
100610936	5874
100610851	5875
100611127	5876
100611185	5877
100611258	5878
100611260	5879
100611586	5880
100613029	5881
100614685	5882
100615165	5883
100615817	5884
100616517	5885
100615775	5886
100615634	5887
100617412	5888
100617520	5889
100618474	5890
100618528	5891
100618571	5892
100619130	5893
100619272	5894
100620481	5895
100620827	5896
100621229	5897
100621383	5898
100623420	5899
100625181	5900
100625487	5901
100629699	5902
100629875	5903
100629887	5904
100630048	5905
100630209	5906
100630686	5907
100631771	5908
100631773	5909
100632119	5910
100632323	5911
100632932	5912
100634836	5913
100634982	5914
100636722	5915
100640528	5916
100640630	5917
100642697	5918
100642809	5919
100624484	5920
100627542	5921
100628559	5922
100628565	5923
100629991	5924
100631194	5925
100631602	5926
100633164	5927
100642167	5928
100641985	5929
100612963	5930
100613277	5931
100616842	5932
100619522	5933
100619984	5934
100620476	5935
100620632	5936
100624268	5937
100624945	5938
100625376	5939
100627017	5940
100627026	5941
100628720	5942
100631963	5943
100633979	5944
100634041	5945
100634437	5946
100634194	5947
100634198	5948
100634445	5949
100637997	5950
100638453	5951
100638983	5952
100640547	5953
100640756	5954
100640764	5955
100642007	5956
100642638	5957
100644767	5958
100644833	5959
100522288	5960
100316559	5961
100595969	5962
100603530	5963
100605882	5964
100613960	5965
100615181	5966
100608205	5967
100618140	5968
100623327	5969
100527104	5970
100586804	5971
100638743	5972
100655927	5973
100605762	5974
100506033	5975
100469529	5976
100579280	5977
100481787	5978
100537014	5979
100401777	5980
100531720	5981
100617779	5982
100451048	5983
100626597	5984
100582686	5985
100193797	5986
100192128	5987
100341817	5988
100383785	5989
100558503	5990
100553780	5991
100492771	5992
100507842	5993
100488900	5994
100389191	5995
100514806	5996
100568683	5997
100256301	5998
100365190	5999
100602093	6000
100500137	6001
100182434	6002
100076526	6003
100528025	6004
100259335	6005
100586028	6006
100506869	6007
100535523	6008
100408644	6009
100326491	6010
100227074	6011
100070043	6012
100087442	6013
100049903	6014
100361319	6015
100071060	6016
100175043	6017
100626339	6018
100304373	6019
100446001	6020
100430557	6021
100352692	6022
100151171	6023
100500332	6024
100189777	6025
100072493	6026
100606614	6027
100306283	6028
100423984	6029
100553994	6030
100070667	6031
100101483	6032
100071071	6033
100397149	6034
100536216	6035
100422515	6036
100496217	6037
100627071	6038
100616979	6039
100073411	6040
100407558	6041
100118876	6042
100341726	6043
100504368	6044
100516877	6045
100436109	6046
100527257	6047
100315676	6048
100072327	6049
100552766	6050
100533513	6051
100581686	6052
100101800	6053
100072202	6054
100304431	6055
100447490	6056
100314891	6057
100303484	6058
100627287	6059
100303286	6060
100154049	6061
100241326	6062
100480964	6063
100597247	6064
100304310	6065
100514185	6066
100017383	6067
100473340	6068
100377440	6069
100316037	6070
100383133	6071
100519537	6072
100561556	6073
100513806	6074
100533163	6075
100367991	6076
100364270	6077
100512668	6078
100536842	6079
100362960	6080
100302480	6081
100531784	6082
100460391	6083
100413047	6084
100482230	6085
100156121	6086
100304332	6087
100427336	6088
100615229	6089
100226475	6090
100085007	6091
100000166	6092
100352420	6093
100491165	6094
100078005	6095
100620796	6096
100580209	6097
100496262	6098
100384867	6099
100503049	6100
100084861	6101
100432138	6102
100627240	6103
100564679	6104
100631787	6105
100473063	6106
100491042	6107
100475401	6108
100605136	6109
100311818	6110
100144554	6111
100486170	6112
100499234	6113
100082929	6114
100362754	6115
100227931	6116
100218864	6117
100616526	6118
100129799	6119
100342675	6120
100589463	6121
100153743	6122
100502341	6123
100067820	6124
100593225	6125
100134731	6126
100237619	6127
100555657	6128
100573773	6129
100532102	6130
100372883	6131
100486307	6132
100095319	6133
100452201	6134
100515894	6135
100586571	6136
100174944	6137
100269754	6138
100593508	6139
100294024	6140
100342877	6141
100302484	6142
100290464	6143
100417128	6144
100153736	6145
100518120	6146
100118419	6147
100441884	6148
100531830	6149
100484776	6150
100564967	6151
100224846	6152
100340901	6153
100591495	6154
100286653	6155
100396674	6156
100532152	6157
100579642	6158
100360325	6159
100084642	6160
100331346	6161
100279755	6162
100284122	6163
100521131	6164
100455143	6165
100427640	6166
100381929	6167
100510865	6168
100170726	6169
100631507	6170
100434486	6171
100389116	6172
100159750	6173
100603657	6174
100621487	6175
100649451	6176
100615706	6177
100622169	6178
100575221	6179
100630351	6180
100632351	6181
100625413	6182
100499837	6183
